2 0.19088541666666667 0.5 0.3807291666666667 1
2 0.30416666666666664 0.4050925925925926 0.20625 0.5064814814814815
2 0.384375 0.19722222222222222 0.034375 0.1425925925925926
2 0.5869791666666667 0.43333333333333335 0.023958333333333335 0.09444444444444444
2 0.7059895833333333 0.43194444444444446 0.0328125 0.14166666666666666
2 0.734375 0.4388888888888889 0.029166666666666667 0.16296296296296298
2 0.7411458333333333 0.5 0.5177083333333333 1
2 0.7973958333333333 0.34444444444444444 0.196875 0.6888888888888889
0 0.7421875 0.037037037037037035 0.08645833333333333 0.07407407407407407
0 0.33828125 0.08935185185185185 0.0515625 0.14166666666666666
0 0.3502604166666667 0.014351851851851852 0.03697916666666667 0.028703703703703703
0 0.3734375 0.13425925925925927 0.011458333333333333 0.018518518518518517
0 0.7057291666666666 0.37037037037037035 0.017708333333333333 0.018518518518518517
0 0.7322916666666667 0.3680555555555556 0.014583333333333334 0.019444444444444445
0 0.5864583333333333 0.39166666666666666 0.009375 0.012962962962962963