2 0.2375 0.5101851851851852 0.46145833333333336 0.9796296296296296
2 0.033854166666666664 0.3972222222222222 0.042708333333333334 0.23148148148148148
2 0.2828125 0.2777777777777778 0.021875 0.11851851851851852
2 0.29296875 0.10555555555555556 0.024479166666666666 0.12222222222222222
2 0.3328125 0.12916666666666668 0.028125 0.1527777777777778
2 0.29609375 0.3425925925925926 0.028645833333333332 0.09259259259259259
2 0.32265625 0.3333333333333333 0.03697916666666667 0.10925925925925926
2 0.4265625 0.34675925925925927 0.275 0.3212962962962963
2 0.51171875 0.3592592592592593 0.021354166666666667 0.0962962962962963
2 0.6455729166666667 0.38055555555555554 0.35260416666666666 0.7037037037037037
2 0.8348958333333333 0.500462962962963 0.3302083333333333 0.9990740740740741
0 0.8864583333333333 0.08055555555555556 0.19479166666666667 0.16111111111111112
0 0.6549479166666666 0.11527777777777778 0.11822916666666666 0.1712962962962963
0 0.44114583333333335 0.23564814814814813 0.06770833333333333 0.09907407407407408
0 0.20130208333333333 0.08703703703703704 0.14427083333333332 0.14074074074074075
0 0.5088541666666667 0.31666666666666665 0.008333333333333333 0.011111111111111112
0 0.3223958333333333 0.2902777777777778 0.014583333333333334 0.023148148148148147
0 0.29713541666666665 0.30648148148148147 0.0140625 0.018518518518518517
0 0.2833333333333333 0.2300925925925926 0.010416666666666666 0.023148148148148147
0 0.32578125 0.06527777777777778 0.009895833333333333 0.017592592592592594
0 0.29192708333333334 0.053703703703703705 0.011979166666666667 0.014814814814814815
0 0.04192708333333333 0.2949074074074074 0.019270833333333334 0.025