2 0.8283854166666667 0.500462962962963 0.34322916666666664 0.9990740740740741
2 0.6213541666666667 0.3541666666666667 0.36354166666666665 0.6898148148148148
2 0.5989583333333334 0.33796296296296297 0.16979166666666667 0.4648148148148148
2 0.315625 0.37083333333333335 0.16145833333333334 0.42685185185185187
2 0.21223958333333334 0.5069444444444444 0.3734375 0.9416666666666667
2 0.0546875 0.4583333333333333 0.042708333333333334 0.19814814814814816
2 0.5075520833333333 0.4393518518518518 0.0234375 0.09166666666666666
0 0.26536458333333335 0.1087962962962963 0.14635416666666667 0.14537037037037037
0 0.34453125 0.2111111111111111 0.0671875 0.1111111111111111
0 0.04791666666666667 0.37222222222222223 0.016666666666666666 0.025925925925925925
0 0.6786458333333333 0.09583333333333334 0.128125 0.1712962962962963
0 0.6138020833333333 0.1300925925925926 0.0265625 0.06018518518518518
0 0.8666666666666667 0.06574074074074074 0.13645833333333332 0.12962962962962962