2 0.23723958333333334 0.5069444444444444 0.4661458333333333 0.9861111111111112
2 0.42473958333333334 0.3458333333333333 0.27447916666666666 0.33055555555555555
2 0.64453125 0.3800925925925926 0.34322916666666664 0.700925925925926
2 0.8322916666666667 0.500462962962963 0.33541666666666664 0.9990740740740741
2 0.02890625 0.39537037037037037 0.043229166666666666 0.22777777777777777
2 0.29270833333333335 0.3439814814814815 0.03229166666666667 0.09166666666666666
2 0.32578125 0.33101851851851855 0.04739583333333333 0.10833333333333334
2 0.5067708333333333 0.35694444444444445 0.016666666666666666 0.09722222222222222
2 0.33203125 0.12453703703703704 0.028645833333333332 0.13796296296296295
2 0.2916666666666667 0.10185185185185185 0.022916666666666665 0.12037037037037036
2 0.28098958333333335 0.2625 0.0234375 0.08981481481481482
0 0.19895833333333332 0.08657407407407407 0.146875 0.14722222222222223
0 0.43828125 0.2361111111111111 0.06927083333333334 0.1
0 0.65546875 0.11527777777777778 0.1203125 0.17314814814814813
0 0.8825520833333333 0.08472222222222223 0.1921875 0.16944444444444445
0 0.038802083333333334 0.29305555555555557 0.0234375 0.025
0 0.2955729166666667 0.30787037037037035 0.016145833333333335 0.021296296296296296
0 0.31796875 0.2898148148148148 0.021354166666666667 0.025925925925925925
0 0.2799479166666667 0.2300925925925926 0.011979166666666667 0.025
0 0.32421875 0.06481481481481481 0.011979166666666667 0.018518518518518517
0 0.28854166666666664 0.05092592592592592 0.0125 0.014814814814814815
0 0.50625 0.3143518518518518 0.010416666666666666 0.012037037037037037