2 0.23125 0.4976851851851852 0.46145833333333336 0.9935185185185185
2 0.8106770833333333 0.46064814814814814 0.37864583333333335 0.9138888888888889
2 0.9057291666666667 0.39490740740740743 0.034375 0.16574074074074074
2 0.35260416666666666 0.35462962962962963 0.21145833333333333 0.6129629629629629
2 0.4890625 0.41388888888888886 0.040625 0.12777777777777777
2 0.44192708333333336 0.22453703703703703 0.030729166666666665 0.16018518518518518
2 0.6442708333333333 0.4546296296296296 0.021875 0.09444444444444444
2 0.7971354166666667 0.44814814814814813 0.027604166666666666 0.13703703703703704
2 0.8239583333333333 0.47129629629629627 0.03854166666666667 0.06481481481481481
0 0.7947916666666667 0.3888888888888889 0.016666666666666666 0.018518518518518517
0 0.9143229166666667 0.3277777777777778 0.009895833333333333 0.03148148148148148
0 0.6421875 0.4125 0.008333333333333333 0.012037037037037037
0 0.48880208333333336 0.36342592592592593 0.018229166666666668 0.023148148148148147
0 0.390625 0.11018518518518519 0.08541666666666667 0.12037037037037036