2 0.15807291666666667 0.4981481481481482 0.3151041666666667 0.9925925925925926
2 0.25729166666666664 0.35555555555555557 0.19270833333333334 0.6685185185185185
2 0.33515625 0.2037037037037037 0.0296875 0.13703703703703704
2 0.703125 0.5 0.59375 1
2 0.7317708333333334 0.3074074074074074 0.19270833333333334 0.6129629629629629
2 0.9098958333333333 0.7564814814814815 0.18020833333333333 0.48703703703703705
2 0.6822916666666666 0.41898148148148145 0.027083333333333334 0.1175925925925926
2 0.62890625 0.4203703703703704 0.033854166666666664 0.12222222222222222
2 0.5356770833333333 0.4351851851851852 0.027604166666666666 0.09814814814814815
2 0.5020833333333333 0.4166666666666667 0.013541666666666667 0.05925925925925926
0 0.2825520833333333 0.07777777777777778 0.09427083333333333 0.11481481481481481
0 0.23203125 0.020833333333333332 0.043229166666666666 0.041666666666666664
0 0.6307291666666667 0.36666666666666664 0.013541666666666667 0.016666666666666666
0 0.6794270833333333 0.36944444444444446 0.015104166666666667 0.018518518518518517
0 0.41015625 0.3768518518518518 0.008854166666666666 0.012962962962962963
0 0.5361979166666667 0.3925925925925926 0.0067708333333333336 0.011111111111111112