2 0.14348958333333334 0.5 0.2869791666666667 1
2 0.23385416666666667 0.35324074074074074 0.22291666666666668 0.700925925925926
2 0.33229166666666665 0.2013888888888889 0.0375 0.16944444444444445
2 0.6942708333333333 0.500462962962963 0.6114583333333333 0.9990740740740741
2 0.6263020833333334 0.4425925925925926 0.03802083333333333 0.17962962962962964
2 0.67734375 0.43657407407407406 0.027604166666666666 0.16203703703703703
2 0.5338541666666666 0.42916666666666664 0.026041666666666668 0.09722222222222222
2 0.5 0.4152777777777778 0.014583333333333334 0.05648148148148148
2 0.37135416666666665 0.42314814814814816 0.021875 0.06481481481481481
0 0.2760416666666667 0.05787037037037037 0.10104166666666667 0.11574074074074074
0 0.31796875 0.12638888888888888 0.009895833333333333 0.021296296296296296
0 0.69375 0.05694444444444444 0.12604166666666666 0.11203703703703703
0 0.6768229166666667 0.36527777777777776 0.0140625 0.019444444444444445
0 0.62734375 0.36157407407407405 0.0140625 0.017592592592592594
0 0.5338541666666666 0.38935185185185184 0.008333333333333333 0.012037037037037037
0 0.4981770833333333 0.39444444444444443 0.0067708333333333336 0.012962962962962963
0 0.40546875 0.37222222222222223 0.0109375 0.011111111111111112