2 0.12369791666666667 0.4078703703703704 0.24739583333333334 0.8138888888888889
2 0.22005208333333334 0.36435185185185187 0.2546875 0.7231481481481481
2 0.30104166666666665 0.19305555555555556 0.036458333333333336 0.12685185185185185
2 0.6716145833333333 0.5 0.6567708333333333 1
2 0.6598958333333333 0.3212962962962963 0.25729166666666664 0.6407407407407407
2 0.6395833333333333 0.42592592592592593 0.035416666666666666 0.15925925925925927
2 0.6559895833333333 0.4064814814814815 0.016145833333333335 0.07222222222222222
2 0.5065104166666666 0.44166666666666665 0.0234375 0.0962962962962963
0 0.23411458333333332 0.08611111111111111 0.0953125 0.16111111111111112
0 0.2908854166666667 0.13796296296296295 0.013020833333333334 0.016666666666666666
0 0.6450520833333333 0.35694444444444445 0.016145833333333335 0.023148148148148147
0 0.6544270833333333 0.37916666666666665 0.0140625 0.017592592592592594
0 0.50625 0.4 0.008333333333333333 0.011111111111111112
0 0.6377604166666667 0.012962962962962963 0.04010416666666667 0.025925925925925925