2 0.24583333333333332 0.49907407407407406 0.49166666666666664 0.9981481481481481
2 0.40859375 0.3638888888888889 0.26614583333333336 0.35185185185185186
2 0.7044270833333334 0.500462962962963 0.3984375 0.9990740740740741
2 0.90625 0.6111111111111112 0.1875 0.3277777777777778
2 0.9111979166666667 0.3143518518518518 0.0359375 0.06388888888888888
2 0.6981770833333333 0.3958333333333333 0.04010416666666667 0.12314814814814815
2 0.33151041666666664 0.16296296296296298 0.03177083333333333 0.13703703703703704
2 0.3151041666666667 0.37222222222222223 0.035416666666666666 0.10185185185185185
2 0.2838541666666667 0.37453703703703706 0.0375 0.10462962962962963
0 0.22864583333333333 0.08611111111111111 0.16875 0.17222222222222222
0 0.4390625 0.22777777777777777 0.07083333333333333 0.07962962962962963
0 0.70625 0.0837962962962963 0.14166666666666666 0.16574074074074074
0 0.7778645833333333 0.13333333333333333 0.027604166666666666 0.06296296296296296
0 0.9151041666666667 0.29907407407407405 0.025 0.03333333333333333
0 0.9765625 0.05555555555555555 0.046875 0.1111111111111111
0 0.3221354166666667 0.10555555555555556 0.009895833333333333 0.022222222222222223
0 0.28567708333333336 0.33425925925925926 0.016145833333333335 0.024074074074074074
0 0.3140625 0.33425925925925926 0.016666666666666666 0.025925925925925925
0 0.7130208333333333 0.34120370370370373 0.008333333333333333 0.01574074074074074