2 0.28489583333333335 0.5 0.5697916666666667 1
2 0.7981770833333334 0.5 0.4036458333333333 1
2 0.5197916666666667 0.3851851851851852 0.278125 0.3907407407407407
2 0.03854166666666667 0.44166666666666665 0.019791666666666666 0.16111111111111112
2 0.32578125 0.3819444444444444 0.021354166666666667 0.11574074074074074
2 0.4044270833333333 0.38564814814814813 0.034895833333333334 0.10092592592592593
2 0.43072916666666666 0.3787037037037037 0.029166666666666667 0.09444444444444444
2 0.44479166666666664 0.16898148148148148 0.029166666666666667 0.13240740740740742
2 0.3953125 0.30277777777777776 0.021875 0.07777777777777778
2 0.8208333333333333 0.4050925925925926 0.03854166666666667 0.09907407407407408
2 0.846875 0.4027777777777778 0.035416666666666666 0.12962962962962962
0 0.31979166666666664 0.06111111111111111 0.196875 0.12222222222222222
0 0.5557291666666667 0.24675925925925926 0.08020833333333334 0.11018518518518519
0 0.87109375 0.06296296296296296 0.16927083333333334 0.1259259259259259
0 0.97109375 0.07731481481481481 0.050520833333333334 0.12129629629629629
0 0.440625 0.11203703703703703 0.010416666666666666 0.018518518518518517
0 0.39114583333333336 0.27546296296296297 0.014583333333333334 0.023148148148148147
0 0.32421875 0.3365740740740741 0.0203125 0.025
0 0.4075520833333333 0.3472222222222222 0.015104166666666667 0.024074074074074074
0 0.42552083333333335 0.34305555555555556 0.016666666666666666 0.023148148148148147
0 0.03723958333333333 0.3736111111111111 0.0109375 0.023148148148148147
0 0.8369791666666667 0.362962962962963 0.011458333333333333 0.018518518518518517
0 0.8471354166666667 0.3458333333333333 0.013020833333333334 0.01574074074074074