2 0.14036458333333332 0.5 0.28072916666666664 1
2 0.2203125 0.34444444444444444 0.23541666666666666 0.674074074074074
2 0.29270833333333335 0.43287037037037035 0.036458333333333336 0.18796296296296297
2 0.3625 0.4162037037037037 0.03229166666666667 0.0787037037037037
2 0.5208333333333334 0.4310185185185185 0.030208333333333334 0.09537037037037037
2 0.6169270833333333 0.42314814814814816 0.028645833333333332 0.1388888888888889
2 0.6669270833333333 0.42268518518518516 0.027604166666666666 0.13796296296296295
2 0.68515625 0.500462962962963 0.6296875 0.9990740740740741
2 0.75390625 0.3435185185185185 0.06614583333333333 0.29074074074074074
0 0.2877604166666667 0.10648148148148148 0.10052083333333334 0.2037037037037037
0 0.29348958333333336 0.35 0.0203125 0.024074074074074074
0 0.39453125 0.37222222222222223 0.0109375 0.011111111111111112
0 0.6161458333333333 0.36574074074074076 0.013541666666666667 0.020370370370370372
0 0.6671875 0.3648148148148148 0.015625 0.020370370370370372
0 0.6768229166666667 0.02962962962962963 0.07447916666666667 0.05925925925925926
0 0.23489583333333333 0.011111111111111112 0.03958333333333333 0.020370370370370372
0 0.52265625 0.38796296296296295 0.008854166666666666 0.009259259259259259