2 0.13958333333333334 0.5 0.2791666666666667 1
2 0.22552083333333334 0.34953703703703703 0.22291666666666668 0.6972222222222222
2 0.09140625 0.45416666666666666 0.06510416666666667 0.38981481481481484
2 0.29765625 0.38935185185185184 0.03177083333333333 0.10648148148148148
2 0.32578125 0.18888888888888888 0.033854166666666664 0.1388888888888889
2 0.36692708333333335 0.42453703703703705 0.027604166666666666 0.058333333333333334
2 0.490625 0.41944444444444445 0.01875 0.07407407407407407
2 0.5265625 0.425462962962963 0.028125 0.09166666666666666
2 0.6231770833333333 0.41944444444444445 0.0328125 0.13703703703703704
2 0.6723958333333333 0.4236111111111111 0.03229166666666667 0.14537037037037037
2 0.6901041666666666 0.5009259259259259 0.6197916666666666 0.9981481481481481
2 0.7567708333333333 0.34675925925925927 0.07083333333333333 0.3138888888888889
0 0.6760416666666667 0.02638888888888889 0.06666666666666667 0.05277777777777778
0 0.26510416666666664 0.059722222222222225 0.11458333333333333 0.11944444444444445
0 0.09348958333333333 0.2861111111111111 0.024479166666666666 0.04259259259259259
0 0.29739583333333336 0.34814814814814815 0.021875 0.024074074074074074
0 0.6708333333333333 0.36157407407407405 0.013541666666666667 0.017592592592592594
0 0.6200520833333333 0.3625 0.013020833333333334 0.021296296296296296
0 0.5270833333333333 0.38564814814814813 0.008333333333333333 0.010185185185185186
0 0.49244791666666665 0.3912037037037037 0.0078125 0.013888888888888888
0 0.39947916666666666 0.3680555555555556 0.009375 0.012037037037037037