2 0.28671875 0.5148148148148148 0.5296875 0.95
2 0.4049479166666667 0.3537037037037037 0.2515625 0.34444444444444444
2 0.6388020833333333 0.5194444444444445 0.2921875 0.9611111111111111
2 0.8309895833333333 0.5013888888888889 0.3380208333333333 0.9972222222222222
2 0.9559895833333333 0.24351851851851852 0.08802083333333334 0.21296296296296297
2 0.31953125 0.3189814814814815 0.03802083333333333 0.10277777777777777
2 0.2875 0.34074074074074073 0.03229166666666667 0.05740740740740741
2 0.2986979166666667 0.3236111111111111 0.022395833333333334 0.075
2 0.016666666666666666 0.3861111111111111 0.03229166666666667 0.23148148148148148
2 0.32473958333333336 0.1162037037037037 0.0265625 0.14537037037037037
2 0.29010416666666666 0.09027777777777778 0.03229166666666667 0.10833333333333334
2 0.25729166666666664 0.09814814814814815 0.01875 0.07222222222222222
0 0.21354166666666666 0.11157407407407408 0.14479166666666668 0.14907407407407408
0 0.42265625 0.2222222222222222 0.06614583333333333 0.08518518518518518
0 0.67109375 0.11712962962962963 0.11197916666666667 0.1527777777777778
0 0.85390625 0.11481481481481481 0.1703125 0.22037037037037038
0 0.9380208333333333 0.175 0.04479166666666667 0.07592592592592592
0 0.31744791666666666 0.2796296296296296 0.015104166666666667 0.025925925925925925
0 0.30026041666666664 0.2972222222222222 0.0171875 0.024074074074074074
0 0.2828125 0.3194444444444444 0.0125 0.016666666666666666
0 0.010677083333333334 0.2833333333333333 0.0203125 0.025925925925925925
0 0.25416666666666665 0.07546296296296297 0.008333333333333333 0.019444444444444445
0 0.28411458333333334 0.04398148148148148 0.011979166666666667 0.017592592592592594
0 0.31927083333333334 0.050462962962962966 0.011458333333333333 0.017592592592592594
0 0.2703125 0.2125 0.010416666666666666 0.021296296296296296