2 0.8838541666666667 0.5574074074074075 0.15833333333333333 0.8851851851851852
2 0.9192708333333334 0.20092592592592592 0.03229166666666667 0.09444444444444444
2 0.68125 0.5587962962962963 0.23958333333333334 0.8824074074074074
2 0.771875 0.27361111111111114 0.053125 0.14166666666666666
2 0.37942708333333336 0.5981481481481481 0.27239583333333334 0.8037037037037037
2 0.48776041666666664 0.3435185185185185 0.22552083333333334 0.28888888888888886
2 0.054947916666666666 0.34444444444444444 0.044270833333333336 0.20925925925925926
2 0.36432291666666666 0.08935185185185185 0.025520833333333333 0.14537037037037037
0 0.87890625 0.1527777777777778 0.07135416666666666 0.07962962962962963
0 0.9208333333333333 0.18703703703703703 0.025 0.06481481481481481
0 0.76484375 0.2212962962962963 0.025520833333333333 0.037037037037037035
0 0.6994791666666667 0.19027777777777777 0.09791666666666667 0.1361111111111111
0 0.4875 0.23657407407407408 0.051041666666666666 0.075
0 0.36354166666666665 0.24675925925925926 0.08229166666666667 0.10277777777777777
0 0.0515625 0.2490740740740741 0.016666666666666666 0.020370370370370372
0 0.35911458333333335 0.023148148148148147 0.009895833333333333 0.012962962962962963