2 0.12213541666666666 0.4185185185185185 0.24322916666666666 0.8333333333333334
2 0.22265625 0.5152777777777777 0.25364583333333335 0.9564814814814815
2 0.3171875 0.2125 0.021875 0.13425925925925927
2 0.515625 0.45185185185185184 0.022916666666666665 0.09259259259259259
2 0.57890625 0.45555555555555555 0.0734375 0.2
2 0.6598958333333333 0.4439814814814815 0.025 0.1361111111111111
2 0.6721354166666667 0.4375 0.015104166666666667 0.1175925925925926
2 0.6755208333333333 0.49953703703703706 0.6479166666666667 0.9972222222222222
2 0.7067708333333333 0.30972222222222223 0.15520833333333334 0.5768518518518518
0 0.6471354166666666 0.019444444444444445 0.05260416666666667 0.037037037037037035
0 0.2716145833333333 0.11296296296296296 0.0890625 0.16666666666666666
0 0.19869791666666667 0.03981481481481482 0.0859375 0.07777777777777778
0 0.575 0.3675925925925926 0.017708333333333333 0.024074074074074074
0 0.6575520833333334 0.3861111111111111 0.0140625 0.018518518518518517
0 0.5151041666666667 0.40925925925925927 0.008333333333333333 0.009259259259259259
0 0.6763020833333333 0.38657407407407407 0.0046875 0.01574074074074074