2 0.07395833333333333 0.3578703703703704 0.04583333333333333 0.2101851851851852
0 0.07421875 0.2638888888888889 0.018229166666666668 0.020370370370370372
2 0.38671875 0.09212962962962963 0.025520833333333333 0.13240740740740742
0 0.38307291666666665 0.03287037037037037 0.0109375 0.013888888888888888
2 0.39505208333333336 0.5833333333333334 0.3140625 0.8333333333333334
0 0.37057291666666664 0.22777777777777777 0.09322916666666667 0.12037037037037036
2 0.49661458333333336 0.35324074074074074 0.23177083333333334 0.3175925925925926
0 0.5122395833333333 0.2337962962962963 0.05572916666666667 0.075
2 0.8020833333333334 0.5513888888888889 0.23125 0.8972222222222223
0 0.8057291666666667 0.17175925925925925 0.11354166666666667 0.14166666666666666
2 0.9098958333333333 0.5523148148148148 0.16770833333333332 0.8953703703703704
0 0.88203125 0.15416666666666667 0.07864583333333333 0.09722222222222222
2 0.9583333333333334 0.4930555555555556 0.08333333333333333 0.6898148148148148
0 0.9791666666666666 0.17824074074074073 0.041666666666666664 0.05648148148148148
2 0.91328125 0.2550925925925926 0.019270833333333334 0.06388888888888888
0 0.9125 0.23194444444444445 0.017708333333333333 0.017592592592592594
2 0.728125 0.3351851851851852 0.028125 0.06296296296296296