0 0.24166666666666667 0.15694444444444444 0.14791666666666667 0.20277777777777778
0 0.40572916666666664 0.23055555555555557 0.06770833333333333 0.09259259259259259
0 0.6604166666666667 0.12314814814814815 0.12708333333333333 0.19074074074074074
0 0.7466145833333333 0.1787037037037037 0.0640625 0.08703703703703704
0 0.9333333333333333 0.0787037037037037 0.13333333333333333 0.15555555555555556
0 0.8786458333333333 0.3 0.021875 0.02962962962962963
0 0.49166666666666664 0.35833333333333334 0.007291666666666667 0.011111111111111112
0 0.29583333333333334 0.3296296296296296 0.015625 0.025925925925925925
0 0.2677083333333333 0.33240740740740743 0.013541666666666667 0.020370370370370372
0 0.09088541666666666 0.32222222222222224 0.015104166666666667 0.022222222222222223
2 0.23463541666666668 0.5101851851851852 0.46927083333333336 0.9166666666666666
2 0.3966145833333333 0.5893518518518519 0.26614583333333336 0.812037037037037
2 0.6447916666666667 0.5125 0.3458333333333333 0.975
2 0.8877604166666667 0.5 0.22447916666666667 1
2 0.7768229166666667 0.3814814814814815 0.1234375 0.4925925925925926
2 0.8747395833333333 0.4351851851851852 0.049479166666666664 0.3037037037037037
2 0.49192708333333335 0.37777777777777777 0.016145833333333335 0.05185185185185185
2 0.29791666666666666 0.36944444444444446 0.03854166666666667 0.1037037037037037
2 0.26588541666666665 0.3731481481481482 0.027604166666666666 0.1037037037037037
2 0.08932291666666667 0.3398148148148148 0.021354166666666667 0.05925925925925926
2 0.30859375 0.1638888888888889 0.025520833333333333 0.14444444444444443