2 0.2591145833333333 0.500462962962963 0.5182291666666666 0.9990740740740741
2 0.4796875 0.3861111111111111 0.2760416666666667 0.3685185185185185
2 0.7848958333333333 0.5 0.43020833333333336 1
2 0.77578125 0.4111111111111111 0.033854166666666664 0.08518518518518518
2 0.7997395833333333 0.3875 0.028645833333333332 0.09907407407407408
2 0.39348958333333334 0.37592592592592594 0.0328125 0.1037037037037037
2 0.3653645833333333 0.38055555555555554 0.0359375 0.10555555555555556
2 0.3578125 0.29768518518518516 0.022916666666666665 0.07314814814814814
2 0.409375 0.17453703703703705 0.029166666666666667 0.14537037037037037
0 0.29192708333333334 0.07824074074074074 0.18177083333333333 0.15648148148148147
0 0.5171875 0.23657407407407408 0.07604166666666666 0.07314814814814814
0 0.80625 0.07916666666666666 0.159375 0.15833333333333333
0 0.8856770833333333 0.11157407407407408 0.0390625 0.08425925925925926
0 0.8002604166666667 0.3458333333333333 0.015104166666666667 0.01574074074074074
0 0.39453125 0.3375 0.016145833333333335 0.026851851851851852
0 0.3684895833333333 0.3425925925925926 0.015104166666666667 0.024074074074074074
0 0.3541666666666667 0.2722222222222222 0.011458333333333333 0.022222222222222223
0 0.40260416666666665 0.11157407407407408 0.010416666666666666 0.019444444444444445