2 0.278125 0.4949074074074074 0.5552083333333333 0.9879629629629629
2 0.7947916666666667 0.49675925925925923 0.41041666666666665 0.9916666666666667
2 0.4786458333333333 0.3527777777777778 0.25416666666666665 0.4537037037037037
2 0.31640625 0.38935185185185184 0.034895833333333334 0.1175925925925926
2 0.3692708333333333 0.3925925925925926 0.028125 0.0962962962962963
2 0.36432291666666666 0.30925925925925923 0.022395833333333334 0.07407407407407407
2 0.4153645833333333 0.18518518518518517 0.024479166666666666 0.15185185185185185
2 0.3658854166666667 0.16157407407407406 0.0234375 0.1398148148148148
2 0.6041666666666666 0.41898148148148145 0.014583333333333334 0.08796296296296297
2 0.7901041666666667 0.4203703703703704 0.036458333333333336 0.10740740740740741
2 0.8125 0.41759259259259257 0.035416666666666666 0.14074074074074075
2 0.8674479166666667 0.35185185185185186 0.028645833333333332 0.13148148148148148
2 0.390625 0.37083333333333335 0.020833333333333332 0.058333333333333334
0 0.4921875 0.18888888888888888 0.08645833333333333 0.11851851851851852
0 0.8182291666666667 0.03611111111111111 0.071875 0.07222222222222222
0 0.9815104166666667 0.03333333333333333 0.03697916666666667 0.06666666666666667
0 0.22760416666666666 0.020833333333333332 0.2 0.041666666666666664
0 0.32421875 0.3439814814814815 0.0203125 0.026851851851851852
0 0.36953125 0.35 0.011979166666666667 0.012962962962962963
0 0.35859375 0.28425925925925927 0.013020833333333334 0.022222222222222223
0 0.40963541666666664 0.12037037037037036 0.009895833333333333 0.018518518518518517
0 0.36432291666666666 0.10231481481481482 0.0109375 0.017592592592592594
0 0.39166666666666666 0.35185185185185186 0.0125 0.018518518518518517
0 0.3848958333333333 0.36944444444444446 0.010416666666666666 0.016666666666666666
0 0.6026041666666667 0.3824074074074074 0.008333333333333333 0.012962962962962963
0 0.8130208333333333 0.3560185185185185 0.010416666666666666 0.01574074074074074
0 0.8044270833333333 0.37407407407407406 0.0078125 0.012962962962962963
0 0.8713541666666667 0.30185185185185187 0.007291666666666667 0.024074074074074074