2 0.80625 0.5361111111111111 0.265625 0.9277777777777778
2 0.909375 0.31296296296296294 0.08541666666666667 0.32222222222222224
2 0.65390625 0.5439814814814815 0.22760416666666666 0.9120370370370371
2 0.2765625 0.5592592592592592 0.365625 0.8814814814814815
2 0.40572916666666664 0.4027777777777778 0.2708333333333333 0.39814814814814814
2 0.64296875 0.3277777777777778 0.03177083333333333 0.08518518518518518
2 0.29270833333333335 0.08981481481481482 0.027083333333333334 0.13148148148148148
0 0.290625 0.03194444444444444 0.009375 0.013888888888888888
0 0.26145833333333335 0.1726851851851852 0.109375 0.1175925925925926
0 0.4234375 0.25324074074074077 0.071875 0.10462962962962963
0 0.7067708333333333 0.1476851851851852 0.09895833333333333 0.12129629629629629
0 0.8208333333333333 0.1648148148148148 0.13854166666666667 0.19074074074074074
0 0.9119791666666667 0.19444444444444445 0.04895833333333333 0.08148148148148149