2 0.24166666666666667 0.5208333333333334 0.48333333333333334 0.9546296296296296
2 0.42161458333333335 0.3685185185185185 0.2765625 0.37592592592592594
2 0.6674479166666667 0.42407407407407405 0.3619791666666667 0.7833333333333333
2 0.8557291666666667 0.500462962962963 0.28854166666666664 0.9990740740740741
2 0.8145833333333333 0.37962962962962965 0.11041666666666666 0.45740740740740743
2 0.89375 0.3106481481481482 0.042708333333333334 0.06574074074074074
2 0.5096354166666667 0.39305555555555555 0.021354166666666667 0.09166666666666666
2 0.3234375 0.36435185185185187 0.03229166666666667 0.10648148148148148
2 0.29244791666666664 0.3685185185185185 0.04010416666666667 0.10185185185185185
2 0.09166666666666666 0.34675925925925927 0.03229166666666667 0.075
2 0.3294270833333333 0.15416666666666667 0.025520833333333333 0.13425925925925927
0 0.2559895833333333 0.15185185185185185 0.1421875 0.2074074074074074
0 0.3229166666666667 0.0962962962962963 0.011458333333333333 0.018518518518518517
0 0.42578125 0.22870370370370371 0.06927083333333334 0.09444444444444444
0 0.6690104166666667 0.12546296296296297 0.1234375 0.18796296296296297
0 0.7971354166666667 0.2 0.0734375 0.09444444444444444
0 0.9338541666666667 0.08055555555555556 0.13229166666666667 0.15925925925925927
0 0.89765625 0.29212962962962963 0.021354166666666667 0.028703703703703703
0 0.5072916666666667 0.3527777777777778 0.008333333333333333 0.012962962962962963
0 0.32317708333333334 0.324537037037037 0.015104166666666667 0.025
0 0.2950520833333333 0.3287037037037037 0.018229166666666668 0.020370370370370372
0 0.09739583333333333 0.32175925925925924 0.020833333333333332 0.023148148148148147