2 0.20078125 0.4986111111111111 0.4015625 0.9972222222222222
2 0.33489583333333334 0.3527777777777778 0.203125 0.6203703703703703
0 0.37135416666666665 0.10601851851851851 0.0875 0.125
2 0.42916666666666664 0.2050925925925926 0.03333333333333333 0.12314814814814815
0 0.41848958333333336 0.1527777777777778 0.0109375 0.018518518518518517
2 0.46979166666666666 0.412962962962963 0.04583333333333333 0.12777777777777777
0 0.46848958333333335 0.36157407407407405 0.021354166666666667 0.025
2 0.5427083333333333 0.4444444444444444 0.015625 0.09444444444444444
0 0.5380208333333333 0.4023148148148148 0.008333333333333333 0.010185185185185186
2 0.5888020833333333 0.45185185185185184 0.0140625 0.08703703703703704
0 0.5869791666666667 0.41574074074074074 0.007291666666666667 0.014814814814814815
2 0.6294270833333333 0.45231481481481484 0.019270833333333334 0.09537037037037037
0 0.6278645833333333 0.4111111111111111 0.0109375 0.012962962962962963
2 0.7869791666666667 0.4449074074074074 0.026041666666666668 0.13240740740740742
0 0.7854166666666667 0.3888888888888889 0.014583333333333334 0.020370370370370372
2 0.8127604166666667 0.46944444444444444 0.028645833333333332 0.06296296296296296
2 0.7927083333333333 0.49444444444444446 0.41458333333333336 0.9888888888888889