2 0.15208333333333332 0.500462962962963 0.30416666666666664 0.9990740740740741
2 0.2716145833333333 0.36203703703703705 0.21197916666666666 0.674074074074074
2 0.70546875 0.5009259259259259 0.5890625 0.9981481481481481
2 0.7651041666666667 0.32546296296296295 0.15104166666666666 0.649074074074074
2 0.69296875 0.4361111111111111 0.0265625 0.14444444444444443
2 0.6463541666666667 0.42916666666666664 0.03229166666666667 0.13240740740740742
2 0.5440104166666667 0.43657407407407406 0.028645833333333332 0.09351851851851851
2 0.34427083333333336 0.19907407407407407 0.035416666666666666 0.14074074074074075
0 0.29713541666666665 0.08101851851851852 0.08177083333333333 0.11018518518518519
0 0.7177083333333333 0.009722222222222222 0.06041666666666667 0.019444444444444445
0 0.68984375 0.3731481481481482 0.013020833333333334 0.018518518518518517
0 0.6466145833333333 0.37222222222222223 0.0171875 0.020370370370370372
0 0.5450520833333333 0.3958333333333333 0.0067708333333333336 0.010185185185185186
0 0.3346354166666667 0.13472222222222222 0.0078125 0.013888888888888888
0 0.27760416666666665 0.013888888888888888 0.03854166666666667 0.027777777777777776