2 0.12421875 0.4587962962962963 0.03697916666666667 0.20277777777777778
0 0.121875 0.3731481481481482 0.017708333333333333 0.027777777777777776
2 0.34479166666666666 0.2037037037037037 0.041666666666666664 0.12037037037037036
0 0.3341145833333333 0.15601851851851853 0.018229166666666668 0.023148148148148147
2 0.39427083333333335 0.5712962962962963 0.25729166666666664 0.8574074074074074
0 0.41432291666666665 0.1884259259259259 0.0953125 0.09351851851851851
2 0.44505208333333335 0.38055555555555554 0.0796875 0.32037037037037036
0 0.4583333333333333 0.2611111111111111 0.03958333333333333 0.07407407407407407
2 0.31276041666666665 0.39814814814814814 0.027604166666666666 0.10925925925925926
0 0.31875 0.35648148148148145 0.013541666666666667 0.022222222222222223
2 0.53828125 0.4375 0.0234375 0.08796296296296297
0 0.5356770833333333 0.4 0.009895833333333333 0.011111111111111112
2 0.625 0.4412037037037037 0.036458333333333336 0.14907407407407408
0 0.62421875 0.37453703703703706 0.011979166666666667 0.01574074074074074
2 0.66953125 0.42916666666666664 0.022395833333333334 0.125
0 0.6674479166666667 0.37592592592592594 0.0140625 0.016666666666666666
2 0.6705729166666666 0.5652777777777778 0.2557291666666667 0.8694444444444445
0 0.7143229166666667 0.17546296296296296 0.09114583333333333 0.09351851851851851
2 0.825 0.5509259259259259 0.215625 0.8981481481481481
0 0.8221354166666667 0.18796296296296297 0.1140625 0.17037037037037037
2 0.79609375 0.425462962962963 0.04635416666666667 0.25462962962962965
0 0.7919270833333333 0.31712962962962965 0.034895833333333334 0.03611111111111111
2 0.23463541666666668 0.3939814814814815 0.022395833333333334 0.05462962962962963