0 0.8098958333333334 0.1675925925925926 0.8171875 0.17962962962962964 0.8208333333333333 0.19814814814814816 0.8208333333333333 0.2101851851851852 0.8177083333333334 0.22037037037037038 0.815625 0.2175925925925926 0.8151041666666666 0.20555555555555555 0.8125 0.1962962962962963 0.8046875 0.18888888888888888 0.7953125 0.18888888888888888 0.7901041666666667 0.19537037037037036 0.7859375 0.2074074074074074 0.7838541666666666 0.2064814814814815 0.784375 0.1962962962962963 0.7916666666666666 0.17407407407407408 0.803125 0.16666666666666666 0.809375 0.1675925925925926
0 0.5473958333333333 0.20462962962962963 0.5598958333333334 0.21851851851851853 0.5739583333333333 0.2462962962962963 0.5760416666666667 0.25833333333333336 0.5723958333333333 0.27314814814814814 0.5640625 0.287962962962963 0.553125 0.30092592592592593 0.5364583333333334 0.3111111111111111 0.5088541666666667 0.3212962962962963 0.5015625 0.32037037037037036 0.4953125 0.3055555555555556 0.49583333333333335 0.2898148148148148 0.49895833333333334 0.28055555555555556 0.49947916666666664 0.2537037037037037 0.5052083333333334 0.22962962962962963 0.5114583333333333 0.21666666666666667 0.525 0.20555555555555555 0.5317708333333333 0.20277777777777778 0.546875 0.20462962962962963
0 0.8875 0.14444444444444443 0.8947916666666667 0.15 0.9010416666666666 0.15925925925925927 0.9083333333333333 0.19537037037037036 0.8942708333333333 0.2037037037037037 0.8598958333333333 0.2074074074074074 0.8546875 0.20462962962962963 0.8541666666666666 0.19907407407407407 0.8588541666666667 0.1675925925925926 0.8614583333333333 0.16111111111111112 0.8739583333333333 0.14537037037037037 0.8869791666666667 0.14444444444444443
0 0.6713541666666667 0.23148148148148148 0.6744791666666666 0.23703703703703705 0.6739583333333333 0.24444444444444444 0.6697916666666667 0.24814814814814815 0.6661458333333333 0.24537037037037038 0.6671875 0.23425925925925925 0.6708333333333333 0.2324074074074074
0 0.6791666666666667 0.2222222222222222 0.6833333333333333 0.22407407407407406 0.6854166666666667 0.23333333333333334 0.6828125 0.2388888888888889 0.6755208333333333 0.24166666666666667 0.6729166666666667 0.2324074074074074 0.6755208333333333 0.22407407407407406 0.6786458333333333 0.2222222222222222
0 0.3328125 0.22962962962962963 0.3453125 0.23703703703703705 0.3484375 0.24074074074074073 0.34791666666666665 0.24351851851851852 0.33125 0.2601851851851852 0.31927083333333334 0.26666666666666666 0.30364583333333334 0.2851851851851852 0.3026041666666667 0.27037037037037037 0.30833333333333335 0.25 0.32135416666666666 0.23055555555555557 0.33229166666666665 0.22962962962962963
0 0.39010416666666664 0.24259259259259258 0.3932291666666667 0.24444444444444444 0.39479166666666665 0.25462962962962965 0.38645833333333335 0.2564814814814815 0.38385416666666666 0.2537037037037037 0.384375 0.24722222222222223 0.38958333333333334 0.24351851851851852
0 0.34270833333333334 0.23425925925925925 0.3489583333333333 0.24074074074074073 0.346875 0.2462962962962963 0.3328125 0.25925925925925924 0.31979166666666664 0.26666666666666666 0.30364583333333334 0.28703703703703703 0.3026041666666667 0.26851851851851855 0.30833333333333335 0.24814814814814815 0.31666666666666665 0.2351851851851852 0.3234375 0.22962962962962963 0.3333333333333333 0.22962962962962963 0.3421875 0.23425925925925925
0 0.29739583333333336 0.21574074074074073 0.303125 0.22777777777777777 0.30104166666666665 0.23703703703703705 0.2890625 0.23703703703703705 0.2875 0.23333333333333334 0.2890625 0.2222222222222222 0.29322916666666665 0.21574074074074073 0.296875 0.21574074074074073
0 0.3171875 0.005555555555555556 0.31875 0.011111111111111112 0.3171875 0.016666666666666666 0.30885416666666665 0.014814814814814815 0.3104166666666667 0.005555555555555556 0.31666666666666665 0.005555555555555556
0 0.3109375 0.2351851851851852 0.31354166666666666 0.23796296296296296 0.31354166666666666 0.24166666666666667 0.3072916666666667 0.2518518518518518 0.303125 0.24444444444444444 0.30625 0.2361111111111111 0.3104166666666667 0.2351851851851852
0 0.6869791666666667 0.20277777777777778 0.6942708333333333 0.19722222222222222 0.7015625 0.19814814814814816 0.7046875 0.2037037037037037 0.7072916666666667 0.21666666666666667 0.70625 0.2212962962962963 0.6880208333333333 0.2212962962962963 0.6854166666666667 0.21574074074074073 0.6869791666666667 0.2037037037037037
0 0.4427083333333333 0.22592592592592592 0.4515625 0.23055555555555557 0.46041666666666664 0.24444444444444444 0.4630208333333333 0.25462962962962965 0.4630208333333333 0.2657407407407407 0.46041666666666664 0.27870370370370373 0.4557291666666667 0.28055555555555556 0.4473958333333333 0.2657407407407407 0.4354166666666667 0.25092592592592594 0.4322916666666667 0.25 0.42552083333333335 0.25555555555555554 0.421875 0.2518518518518518 0.4234375 0.23981481481481481 0.434375 0.22870370370370371 0.4421875 0.22685185185185186
0 0.0125 0.225 0.01875 0.23148148148148148 0.0203125 0.24074074074074073 0.009895833333333333 0.24351851851851852 0.005208333333333333 0.24351851851851852 0.0046875 0.2388888888888889 0.00625 0.23148148148148148 0.011979166666666667 0.225
0 0.6557291666666667 0.2490740740740741 0.6598958333333333 0.25555555555555554 0.6604166666666667 0.25925925925925924 0.6583333333333333 0.26296296296296295 0.6505208333333333 0.2564814814814815 0.6520833333333333 0.25 0.6552083333333333 0.2490740740740741
2 0.8078125 0.16666666666666666 0.8166666666666667 0.1787037037037037 0.8208333333333333 0.19814814814814816 0.8192708333333333 0.21666666666666667 0.8114583333333333 0.24166666666666667 0.8177083333333334 0.25092592592592594 0.8197916666666667 0.26481481481481484 0.828125 0.2796296296296296 0.8286458333333333 0.29444444444444445 0.8223958333333333 0.3296296296296296 0.8177083333333334 0.3712962962962963 0.8140625 0.3861111111111111 0.8140625 0.4287037037037037 0.8114583333333333 0.44814814814814813 0.8119791666666667 0.4601851851851852 0.8083333333333333 0.4722222222222222 0.8088541666666667 0.48055555555555557 0.8067708333333333 0.4842592592592593 0.8104166666666667 0.48703703703703705 0.8015625 0.49074074074074076 0.8067708333333333 0.5009259259259259 0.8041666666666667 0.5046296296296297 0.8036458333333333 0.5111111111111111 0.7963541666666667 0.5120370370370371 0.8015625 0.5148148148148148 0.7953125 0.5194444444444445 0.7942708333333334 0.5361111111111111 0.7921875 0.5425925925925926 0.7953125 0.5740740740740741 0.7927083333333333 0.5842592592592593 0.79375 0.5916666666666667 0.8041666666666667 0.5953703703703703 0.8 0.6018518518518519 0.8010416666666667 0.6092592592592593 0.7984375 0.6231481481481481 0.7994791666666666 0.6342592592592593 0.7953125 0.6537037037037037 0.8005208333333333 0.6842592592592592 0.8005208333333333 0.6962962962962963 0.7963541666666667 0.700925925925926 0.7859375 0.6990740740740741 0.7807291666666667 0.6777777777777778 0.7776041666666667 0.6731481481481482 0.7557291666666667 0.6768518518518518 0.7520833333333333 0.675 0.7505208333333333 0.6703703703703704 0.7515625 0.6574074074074074 0.7630208333333334 0.6398148148148148 0.7645833333333333 0.6231481481481481 0.7677083333333333 0.6157407407407407 0.7677083333333333 0.6027777777777777 0.765625 0.5962962962962963 0.7640625 0.5537037037037037 0.7583333333333333 0.5425925925925926 0.7567708333333333 0.5314814814814814 0.7578125 0.5175925925925926 0.7526041666666666 0.4675925925925926 0.7526041666666666 0.4111111111111111 0.7552083333333334 0.37962962962962965 0.7473958333333334 0.36018518518518516 0.7463541666666667 0.34074074074074073 0.7552083333333334 0.26666666666666666 0.7604166666666666 0.2574074074074074 0.7723958333333333 0.2490740740740741 0.7760416666666666 0.25 0.7854166666666667 0.23981481481481481 0.7864583333333334 0.23333333333333334 0.7828125 0.21851851851851853 0.7828125 0.20555555555555555 0.7864583333333334 0.18796296296296297 0.7921875 0.17407407407407408 0.8072916666666666 0.16666666666666666
2 0.6786458333333333 0.2222222222222222 0.6822916666666666 0.22314814814814815 0.6848958333333334 0.23333333333333334 0.6760416666666667 0.25 0.6708333333333333 0.30925925925925923 0.6729166666666667 0.35833333333333334 0.6760416666666667 0.37222222222222223 0.6760416666666667 0.3972222222222222 0.6713541666666667 0.39814814814814814 0.66875 0.39166666666666666 0.6708333333333333 0.35185185185185186 0.6609375 0.32685185185185184 0.6604166666666667 0.30648148148148147 0.6645833333333333 0.26666666666666666 0.66875 0.25462962962962965 0.6734375 0.2490740740740741 0.671875 0.23333333333333334 0.678125 0.22314814814814815
2 0.6463541666666667 0.28888888888888886 0.028125 0.07777777777777778
2 0.5453125 0.2037037037037037 0.5609375 0.22037037037037038 0.5744791666666667 0.25 0.5755208333333334 0.25925925925925924 0.5729166666666666 0.2722222222222222 0.5645833333333333 0.29074074074074074 0.578125 0.30092592592592593 0.5859375 0.31203703703703706 0.5942708333333333 0.3435185185185185 0.6026041666666667 0.36574074074074076 0.6078125 0.3907407407407407 0.6130208333333333 0.40185185185185185 0.6244791666666667 0.4564814814814815 0.6270833333333333 0.4981481481481482 0.6359375 0.5259259259259259 0.6390625 0.5435185185185185 0.6380208333333334 0.5518518518518518 0.6286458333333333 0.5601851851851852 0.6385416666666667 0.562037037037037 0.64375 0.5685185185185185 0.6447916666666667 0.575 0.6442708333333333 0.587037037037037 0.6395833333333333 0.6083333333333333 0.6354166666666666 0.6611111111111111 0.628125 0.6907407407407408 0.6265625 0.7268518518518519 0.6270833333333333 0.7462962962962963 0.6317708333333333 0.7657407407407407 0.634375 0.7925925925925926 0.6348958333333333 0.8379629629629629 0.6364583333333333 0.8592592592592593 0.6390625 0.8648148148148148 0.6385416666666667 0.8777777777777778 0.640625 0.8851851851851852 0.6395833333333333 0.9055555555555556 0.6484375 0.950925925925926 0.6479166666666667 0.9731481481481481 0.6322916666666667 0.9944444444444445 0.6041666666666666 0.9990740740740741 0.5791666666666667 0.9990740740740741 0.5723958333333333 0.9962962962962963 0.5604166666666667 0.9990740740740741 0.5567708333333333 0.9888888888888889 0.5567708333333333 0.975925925925926 0.5604166666666667 0.9657407407407408 0.5666666666666667 0.9592592592592593 0.5677083333333334 0.9481481481481482 0.5734375 0.937037037037037 0.5953125 0.9351851851851852 0.5984375 0.9277777777777778 0.6015625 0.9018518518518519 0.6010416666666667 0.8888888888888888 0.5895833333333333 0.8592592592592593 0.5817708333333333 0.7925925925925926 0.584375 0.7759259259259259 0.58125 0.7472222222222222 0.5807291666666666 0.712037037037037 0.5848958333333333 0.7092592592592593 0.58125 0.7055555555555556 0.5791666666666667 0.6972222222222222 0.5822916666666667 0.6851851851851852 0.5770833333333333 0.6759259259259259 0.5760416666666667 0.6351851851851852 0.5796875 0.6268518518518519 0.584375 0.6296296296296297 0.5875 0.6277777777777778 0.5875 0.6231481481481481 0.5911458333333334 0.6194444444444445 0.5911458333333334 0.6157407407407407 0.6057291666666667 0.6166666666666667 0.609375 0.6083333333333333 0.6130208333333333 0.612037037037037 0.60625 0.5833333333333334 0.5989583333333334 0.5638888888888889 0.6151041666666667 0.5611111111111111 0.6161458333333333 0.5574074074074075 0.6135416666666667 0.5546296296296296 0.6026041666666667 0.5546296296296296 0.5984375 0.5583333333333333 0.5838541666666667 0.549074074074074 0.5734375 0.5314814814814814 0.5598958333333334 0.5185185185185185 0.55 0.49907407407407406 0.5229166666666667 0.5175925925925926 0.5052083333333334 0.5185185185185185 0.49947916666666664 0.5222222222222223 0.48489583333333336 0.5212962962962963 0.47604166666666664 0.5148148148148148 0.47552083333333334 0.5037037037037037 0.47291666666666665 0.4981481481481482 0.4625 0.49074074074074076 0.45208333333333334 0.49166666666666664 0.4479166666666667 0.48703703703703705 0.4427083333333333 0.4740740740740741 0.42552083333333335 0.4740740740740741 0.42239583333333336 0.46296296296296297 0.425 0.44166666666666665 0.4276041666666667 0.4361111111111111 0.42604166666666665 0.4287037037037037 0.43125 0.425 0.43854166666666666 0.425 0.4666666666666667 0.4388888888888889 0.47604166666666664 0.45092592592592595 0.48854166666666665 0.45740740740740743 0.5114583333333333 0.46574074074074073 0.5171875 0.462037037037037 0.5369791666666667 0.41759259259259257 0.5380208333333333 0.3972222222222222 0.5369791666666667 0.387037037037037 0.53125 0.37222222222222223 0.5302083333333333 0.35648148148148145 0.5177083333333333 0.3453703703703704 0.5083333333333333 0.3277777777777778 0.5052083333333334 0.3296296296296296 0.5052083333333334 0.3351851851851852 0.5010416666666667 0.3416666666666667 0.46822916666666664 0.3574074074074074 0.4609375 0.3685185185185185 0.45677083333333335 0.3685185185185185 0.45416666666666666 0.37222222222222223 0.45625 0.3768518518518518 0.4510416666666667 0.39537037037037037 0.4427083333333333 0.40370370370370373 0.4359375 0.40370370370370373 0.4354166666666667 0.3888888888888889 0.43802083333333336 0.3824074074074074 0.4395833333333333 0.3675925925925926 0.44427083333333334 0.3611111111111111 0.44635416666666666 0.35 0.45260416666666664 0.33425925925925926 0.4666666666666667 0.3212962962962963 0.47708333333333336 0.32685185185185184 0.48020833333333335 0.3212962962962963 0.4791666666666667 0.3138888888888889 0.48072916666666665 0.3111111111111111 0.4947916666666667 0.29907407407407405 0.49895833333333334 0.28055555555555556 0.49895833333333334 0.25925925925925924 0.5010416666666667 0.24537037037037038 0.50625 0.22777777777777777 0.5119791666666667 0.21666666666666667 0.5291666666666667 0.2037037037037037 0.5447916666666667 0.2037037037037037
2 0.3171875 0.005555555555555556 0.31875 0.011111111111111112 0.3182291666666667 0.022222222222222223 0.32395833333333335 0.030555555555555555 0.3260416666666667 0.03981481481481482 0.32916666666666666 0.08518518518518518 0.32760416666666664 0.11851851851851852 0.3255208333333333 0.1287037037037037 0.321875 0.13425925925925927 0.31666666666666665 0.12962962962962962 0.3151041666666667 0.11574074074074074 0.31145833333333334 0.10555555555555556 0.3098958333333333 0.05555555555555555 0.30625 0.041666666666666664 0.3104166666666667 0.026851851851851852 0.30885416666666665 0.016666666666666666 0.3098958333333333 0.006481481481481481 0.31302083333333336 0.003703703703703704 0.31666666666666665 0.005555555555555556
2 0.016145833333333335 0.22777777777777777 0.019270833333333334 0.23333333333333334 0.020833333333333332 0.25092592592592594 0.027083333333333334 0.25555555555555554 0.0328125 0.2712962962962963 0.034895833333333334 0.31296296296296294 0.030729166666666665 0.337037037037037 0.030729166666666665 0.35185185185185186 0.043229166666666666 0.4111111111111111 0.043229166666666666 0.41944444444444445 0.04010416666666667 0.42314814814814816 0.03333333333333333 0.4212962962962963 0.03333333333333333 0.4074074074074074 0.01875 0.37222222222222223 0.015625 0.37407407407407406 0.0171875 0.4185185185185185 0.015625 0.4222222222222222 0.011458333333333333 0.4185185185185185 0.010416666666666666 0.4074074074074074 0.013020833333333334 0.38333333333333336 0.011458333333333333 0.37222222222222223 0.013020833333333334 0.3685185185185185 0.009375 0.34814814814814815 0.003125 0.3296296296296296 0.003125 0.2712962962962963 0.007291666666666667 0.25833333333333336 0.0046875 0.24259259259259258 0.005729166666666666 0.23333333333333334 0.0109375 0.22592592592592592 0.015625 0.22777777777777777
2 0.3109375 0.23425925925925925 0.3140625 0.24074074074074073 0.3072916666666667 0.25277777777777777 0.303125 0.24814814814814815 0.303125 0.24259259259259258 0.30625 0.2351851851851852 0.3104166666666667 0.23425925925925925
2 0.6994791666666667 0.19722222222222222 0.7041666666666667 0.20277777777777778 0.7067708333333333 0.2212962962962963 0.703125 0.23796296296296296 0.696875 0.25277777777777777 0.6984375 0.2722222222222222 0.6973958333333333 0.2861111111111111 0.7026041666666667 0.2935185185185185 0.7130208333333333 0.2962962962962963 0.7182291666666667 0.30648148148148147 0.71875 0.3138888888888889 0.7125 0.31666666666666665 0.7026041666666667 0.30833333333333335 0.6979166666666666 0.3111111111111111 0.6942708333333333 0.4 0.6880208333333333 0.4388888888888889 0.6890625 0.4537037037037037 0.6963541666666667 0.46296296296296297 0.6973958333333333 0.4685185185185185 0.6890625 0.475 0.6744791666666666 0.4740740740740741 0.6713541666666667 0.4703703703703704 0.6713541666666667 0.45185185185185184 0.678125 0.4166666666666667 0.6760416666666667 0.37222222222222223 0.671875 0.3638888888888889 0.6713541666666667 0.2953703703703704 0.675 0.25092592592592594 0.678125 0.24259259259259258 0.6864583333333333 0.23148148148148148 0.6859375 0.2074074074074074 0.690625 0.19907407407407407 0.6989583333333333 0.19722222222222222
2 0.3359375 0.2324074074074074 0.3494791666666667 0.24259259259259258 0.3625 0.23055555555555557 0.36614583333333334 0.23055555555555557 0.378125 0.24351851851851852 0.39166666666666666 0.27685185185185185 0.40625 0.32685185185185184 0.4114583333333333 0.3388888888888889 0.415625 0.3611111111111111 0.41510416666666666 0.38425925925925924 0.4114583333333333 0.39351851851851855 0.4083333333333333 0.3907407407407407 0.4036458333333333 0.39351851851851855 0.39895833333333336 0.38981481481481484 0.3963541666666667 0.3768518518518518 0.39895833333333336 0.35185185185185186 0.39375 0.33796296296296297 0.38645833333333335 0.3277777777777778 0.3848958333333333 0.3175925925925926 0.37864583333333335 0.3037037037037037 0.371875 0.29444444444444445 0.3671875 0.2935185185185185 0.3640625 0.3 0.36354166666666665 0.30925925925925923 0.35572916666666665 0.31666666666666665 0.3411458333333333 0.34629629629629627 0.34010416666666665 0.38333333333333336 0.33541666666666664 0.4 0.33541666666666664 0.4425925925925926 0.3338541666666667 0.44537037037037036 0.33645833333333336 0.4527777777777778 0.3338541666666667 0.4703703703703704 0.30833333333333335 0.5092592592592593 0.30104166666666665 0.5157407407407407 0.290625 0.5351851851851852 0.2755208333333333 0.5472222222222223 0.2703125 0.5666666666666667 0.2609375 0.5805555555555556 0.25677083333333334 0.5953703703703703 0.265625 0.5962962962962963 0.2713541666666667 0.600925925925926 0.27395833333333336 0.6083333333333333 0.27239583333333334 0.6157407407407407 0.27447916666666666 0.6231481481481481 0.2734375 0.6342592592592593 0.26979166666666665 0.6444444444444445 0.2609375 0.6518518518518519 0.25625 0.6712962962962963 0.2640625 0.6777777777777778 0.2671875 0.6851851851851852 0.2671875 0.6925925925925925 0.2604166666666667 0.7037037037037037 0.26927083333333335 0.7083333333333334 0.2708333333333333 0.712037037037037 0.2703125 0.7537037037037037 0.2682291666666667 0.7712962962962963 0.2682291666666667 0.862037037037037 0.2671875 0.8694444444444445 0.26197916666666665 0.8759259259259259 0.24479166666666666 0.8824074074074074 0.23697916666666666 0.8796296296296297 0.23489583333333333 0.8759259259259259 0.23385416666666667 0.8629629629629629 0.23802083333333332 0.8407407407407408 0.2390625 0.8138888888888889 0.24166666666666667 0.8009259259259259 0.2390625 0.7787037037037037 0.2453125 0.7148148148148148 0.24375 0.6787037037037037 0.24479166666666666 0.65 0.23958333333333334 0.5740740740740741 0.2421875 0.5527777777777778 0.24114583333333334 0.5157407407407407 0.24791666666666667 0.44814814814814813 0.2546875 0.41944444444444445 0.25729166666666664 0.39814814814814814 0.26875 0.3537037037037037 0.28489583333333335 0.3175925925925926 0.3046875 0.28888888888888886 0.30364583333333334 0.2740740740740741 0.3109375 0.2490740740740741 0.32083333333333336 0.2324074074074074 0.33541666666666664 0.2324074074074074
2 0.8869791666666667 0.14444444444444443 0.8973958333333333 0.1537037037037037 0.903125 0.1648148148148148 0.9052083333333333 0.175 0.9078125 0.1962962962962963 0.9026041666666667 0.2037037037037037 0.9015625 0.2324074074074074 0.9067708333333333 0.2518518518518518 0.9119791666666667 0.2611111111111111 0.9317708333333333 0.2722222222222222 0.9427083333333334 0.3037037037037037 0.9442708333333333 0.3111111111111111 0.9447916666666667 0.3527777777777778 0.9520833333333333 0.4009259259259259 0.9494791666666667 0.4148148148148148 0.9369791666666667 0.44722222222222224 0.934375 0.49537037037037035 0.928125 0.5333333333333333 0.9270833333333334 0.6027777777777777 0.9239583333333333 0.6416666666666667 0.9239583333333333 0.700925925925926 0.9213541666666667 0.7305555555555555 0.925 0.7472222222222222 0.9229166666666667 0.7611111111111111 0.9229166666666667 0.787962962962963 0.925 0.8074074074074075 0.9213541666666667 0.8148148148148148 0.8973958333333333 0.8268518518518518 0.8760416666666667 0.8240740740740741 0.8723958333333334 0.8194444444444444 0.8697916666666666 0.8092592592592592 0.8520833333333333 0.8092592592592592 0.8458333333333333 0.8046296296296296 0.8442708333333333 0.799074074074074 0.8453125 0.7898148148148149 0.8567708333333334 0.7787037037037037 0.865625 0.7611111111111111 0.8635416666666667 0.7472222222222222 0.865625 0.7305555555555555 0.859375 0.687962962962963 0.8536458333333333 0.6657407407407407 0.8515625 0.6453703703703704 0.8520833333333333 0.5962962962962963 0.8489583333333334 0.5564814814814815 0.8494791666666667 0.5212962962962963 0.8473958333333333 0.512962962962963 0.85 0.48518518518518516 0.846875 0.475 0.8484375 0.44814814814814813 0.846875 0.44166666666666665 0.8401041666666667 0.4388888888888889 0.8369791666666667 0.43425925925925923 0.834375 0.4222222222222222 0.8348958333333333 0.4101851851851852 0.8421875 0.3861111111111111 0.8463541666666666 0.3592592592592593 0.8489583333333334 0.2861111111111111 0.8557291666666667 0.2722222222222222 0.8588541666666667 0.26851851851851855 0.8630208333333333 0.27037037037037037 0.8666666666666667 0.26481481481481484 0.8661458333333333 0.25462962962962965 0.8604166666666667 0.24074074074074073 0.8578125 0.2101851851851852 0.8546875 0.2037037037037037 0.8567708333333334 0.17962962962962964 0.8598958333333333 0.1648148148148148 0.8692708333333333 0.15 0.8765625 0.14444444444444443 0.8864583333333333 0.14444444444444443
2 0.44947916666666665 0.22870370370370371 0.4588541666666667 0.24074074074074073 0.4630208333333333 0.25462962962962965 0.4630208333333333 0.2675925925925926 0.4578125 0.2861111111111111 0.4765625 0.3 0.4786458333333333 0.30648148148148147 0.46145833333333336 0.3212962962962963 0.44427083333333334 0.3212962962962963 0.43125 0.33055555555555555 0.4276041666666667 0.3416666666666667 0.434375 0.36203703703703705 0.43645833333333334 0.37777777777777777 0.4322916666666667 0.3907407407407407 0.4234375 0.39351851851851855 0.41822916666666665 0.3907407407407407 0.4192708333333333 0.3712962962962963 0.41770833333333335 0.35185185185185186 0.4125 0.3416666666666667 0.41041666666666665 0.3314814814814815 0.40729166666666666 0.3277777777777778 0.39947916666666666 0.2953703703703704 0.41822916666666665 0.27685185185185185 0.42083333333333334 0.24722222222222223 0.42291666666666666 0.24074074074074073 0.4354166666666667 0.22870370370370371 0.44895833333333335 0.22870370370370371
2 0.29739583333333336 0.21574074074074073 0.3020833333333333 0.22407407407407406 0.3026041666666667 0.24259259259259258 0.30520833333333336 0.24814814814814815 0.3026041666666667 0.26944444444444443 0.3026041666666667 0.28703703703703703 0.2869791666666667 0.3148148148148148 0.28229166666666666 0.3148148148148148 0.2786458333333333 0.3101851851851852 0.2791666666666667 0.2861111111111111 0.28489583333333335 0.2490740740740741 0.2875 0.24259259259259258 0.28802083333333334 0.22685185185185186 0.2921875 0.21666666666666667 0.296875 0.21574074074074073
2 0.6723958333333333 0.23055555555555557 0.6744791666666666 0.24537037037037038 0.6682291666666667 0.2759259259259259 0.6692708333333334 0.29814814814814816 0.6671875 0.3296296296296296 0.6598958333333333 0.32685185185185184 0.6546875 0.31666666666666665 0.6609375 0.2935185185185185 0.6661458333333333 0.23796296296296296 0.671875 0.23055555555555557