2 0.009895833333333333 0.3263888888888889 0.019791666666666666 0.19907407407407407
2 0.29583333333333334 0.5722222222222222 0.16458333333333333 0.6425925925925926
2 0.49166666666666664 0.5990740740740741 0.21145833333333333 0.7277777777777777
2 0.73984375 0.4310185185185185 0.07864583333333333 0.5046296296296297
2 0.83203125 0.4981481481481482 0.09635416666666667 0.6074074074074074
2 0.6505208333333333 0.33611111111111114 0.052083333333333336 0.26851851851851855
2 0.6278645833333333 0.30833333333333335 0.030729166666666665 0.17777777777777778
2 0.6088541666666667 0.28564814814814815 0.029166666666666667 0.08981481481481482
2 0.2591145833333333 0.27314814814814814 0.04114583333333333 0.11296296296296296
2 0.27708333333333335 0.2689814814814815 0.026041666666666668 0.062037037037037036
2 0.37604166666666666 0.4675925925925926 0.11979166666666667 0.46111111111111114
2 0.37942708333333336 0.24212962962962964 0.016145833333333335 0.04722222222222222
2 0.284375 0.07546296296296297 0.026041666666666668 0.14537037037037037
0 0.2791666666666667 0.010648148148148148 0.011458333333333333 0.013888888888888888
0 0.2565104166666667 0.22824074074074074 0.018229166666666668 0.023148148148148147
0 0.27239583333333334 0.24861111111111112 0.013541666666666667 0.019444444444444445
0 0.30625 0.2851851851851852 0.041666666666666664 0.05555555555555555
0 0.40208333333333335 0.26157407407407407 0.040625 0.04722222222222222
0 0.49505208333333334 0.28888888888888886 0.0734375 0.1111111111111111
0 0.38229166666666664 0.22685185185185186 0.010416666666666666 0.014814814814814815
0 0.6364583333333333 0.2310185185185185 0.0125 0.019444444444444445
0 0.6510416666666666 0.21481481481481482 0.021875 0.025925925925925925
0 0.7578125 0.20694444444444443 0.035416666666666666 0.05462962962962963
0 0.8135416666666667 0.2361111111111111 0.052083333333333336 0.08333333333333333