2 0.18359375 0.4689814814814815 0.3671875 0.9361111111111111
2 0.28802083333333334 0.36574074074074076 0.18229166666666666 0.4703703703703704
2 0.6401041666666667 0.4064814814814815 0.43020833333333336 0.8111111111111111
2 0.8302083333333333 0.5 0.33958333333333335 1
2 0.5776041666666667 0.3902777777777778 0.23020833333333332 0.5305555555555556
2 0.8864583333333333 0.3712962962962963 0.041666666666666664 0.10925925925925926
2 0.5010416666666667 0.43472222222222223 0.028125 0.09351851851851851
2 0.4671875 0.399537037037037 0.014583333333333334 0.03611111111111111
2 0.03125 0.39305555555555555 0.019791666666666666 0.07685185185185185
0 0.22395833333333334 0.07083333333333333 0.165625 0.1398148148148148
0 0.3182291666666667 0.18611111111111112 0.07604166666666666 0.11481481481481481
0 0.7002604166666667 0.06851851851851852 0.14635416666666667 0.13518518518518519
0 0.628125 0.19814814814814816 0.09583333333333334 0.14444444444444443
0 0.878125 0.33425925925925926 0.027083333333333334 0.037037037037037035
0 0.032552083333333336 0.3685185185185185 0.0171875 0.027777777777777776
0 0.8861979166666667 0.01898148148148148 0.049479166666666664 0.03796296296296296
0 0.3776041666666667 0.3819444444444444 0.011458333333333333 0.01574074074074074
0 0.5010416666666667 0.3939814814814815 0.007291666666666667 0.010185185185185186