2 0.2518229166666667 0.5 0.5026041666666666 1
2 0.36484375 0.3814814814814815 0.24114583333333334 0.6407407407407407
2 0.8268229166666666 0.4587962962962963 0.3463541666666667 0.9175925925925926
2 0.9411458333333333 0.412962962962963 0.041666666666666664 0.2111111111111111
2 0.8192708333333333 0.45416666666666666 0.03854166666666667 0.14166666666666666
2 0.8484375 0.4791666666666667 0.051041666666666666 0.07314814814814814
2 0.6697916666666667 0.4587962962962963 0.022916666666666665 0.09722222222222222
2 0.534375 0.4212962962962963 0.029166666666666667 0.1259259259259259
2 0.46796875 0.22962962962962963 0.0296875 0.14814814814814814
0 0.4197916666666667 0.1162037037037037 0.08229166666666667 0.10833333333333334
0 0.5390625 0.37222222222222223 0.019791666666666666 0.027777777777777776
0 0.66875 0.4166666666666667 0.010416666666666666 0.012962962962962963
0 0.8171875 0.39305555555555555 0.014583333333333334 0.019444444444444445
0 0.9510416666666667 0.3282407407407407 0.01875 0.03981481481481482