2 0.14427083333333332 0.45 0.2875 0.8981481481481481
2 0.3106770833333333 0.3976851851851852 0.20885416666666667 0.7638888888888888
2 0.4005208333333333 0.2074074074074074 0.030208333333333334 0.14444444444444443
2 0.4166666666666667 0.4009259259259259 0.023958333333333335 0.10555555555555556
2 0.5963541666666666 0.44537037037037036 0.019791666666666666 0.09814814814814815
2 0.7690104166666667 0.41574074074074074 0.0234375 0.09074074074074075
2 0.78515625 0.4305555555555556 0.019270833333333334 0.044444444444444446
2 0.7916666666666666 0.36018518518518516 0.2677083333333333 0.7185185185185186
2 0.778125 0.5 0.44375 1
0 0.32369791666666664 0.07777777777777778 0.09010416666666667 0.11666666666666667
0 0.390625 0.14351851851851852 0.011458333333333333 0.018518518518518517
0 0.41744791666666664 0.3578703703703704 0.022395833333333334 0.023148148148148147
0 0.5953125 0.4027777777777778 0.010416666666666666 0.012962962962962963
0 0.76640625 0.3800925925925926 0.015104166666666667 0.017592592592592594