2 0.38697916666666665 0.5509259259259259 0.39375 0.8981481481481481
2 0.41380208333333335 0.5425925925925926 0.08177083333333333 0.6944444444444444
2 0.45026041666666666 0.37175925925925923 0.06822916666666666 0.2935185185185185
2 0.684375 0.5277777777777778 0.3072916666666667 0.9444444444444444
2 0.7104166666666667 0.2902777777777778 0.059375 0.20092592592592592
2 0.9200520833333333 0.5212962962962963 0.12760416666666666 0.5740740740740741
1 0.8856770833333333 0.3037037037037037 0.03177083333333333 0.044444444444444446
1 0.7205729166666667 0.23472222222222222 0.033854166666666664 0.075
1 0.70546875 0.2851851851851852 0.03802083333333333 0.06296296296296296
1 0.35598958333333336 0.3111111111111111 0.06302083333333333 0.07962962962962963
1 0.40651041666666665 0.3023148148148148 0.044270833333333336 0.06759259259259259