2 0.37265625 0.5458333333333333 0.28802083333333334 0.9083333333333333
2 0.7635416666666667 0.5361111111111111 0.26145833333333335 0.9277777777777778
2 0.45546875 0.5763888888888888 0.1640625 0.8175925925925925
2 0.9734375 0.524074074074074 0.053125 0.5777777777777777
2 0.7299479166666667 0.5027777777777778 0.10364583333333334 0.6148148148148148
2 0.6942708333333333 0.287962962962963 0.03333333333333333 0.1
2 0.5479166666666667 0.2796296296296296 0.05520833333333333 0.16296296296296298
2 0.53515625 0.4652777777777778 0.09427083333333333 0.49722222222222223
2 0.11848958333333333 0.3990740740740741 0.0578125 0.18888888888888888
2 0.02109375 0.35555555555555557 0.04114583333333333 0.10555555555555556
1 0.35130208333333335 0.2796296296296296 0.043229166666666666 0.09074074074074075
1 0.46953125 0.29074074074074074 0.04635416666666667 0.07222222222222222
1 0.5041666666666667 0.30277777777777776 0.025 0.046296296296296294
1 0.7486979166666666 0.2375 0.04114583333333333 0.07685185185185185
1 0.7348958333333333 0.275 0.03854166666666667 0.07222222222222222
1 0.6942708333333333 0.28703703703703703 0.028125 0.040740740740740744
1 0.11848958333333333 0.3527777777777778 0.016145833333333335 0.03518518518518519