2 0.2984375 0.5435185185185185 0.209375 0.912962962962963
2 0.37994791666666666 0.46620370370370373 0.10989583333333333 0.5805555555555556
2 0.4466145833333333 0.47129629629629627 0.0921875 0.45
2 0.4609375 0.3416666666666667 0.04791666666666667 0.26851851851851855
2 0.6614583333333334 0.5421296296296296 0.25416666666666665 0.9157407407407407
2 0.63671875 0.5083333333333333 0.07864583333333333 0.5833333333333334
2 0.8776041666666666 0.5226851851851851 0.09791666666666667 0.575
2 0.025520833333333333 0.40324074074074073 0.051041666666666666 0.18981481481481483
1 0.30390625 0.3037037037037037 0.06822916666666666 0.08518518518518518
1 0.38333333333333336 0.2953703703703704 0.04375 0.07037037037037037
1 0.4354166666666667 0.3337962962962963 0.025 0.03981481481481482
1 0.6713541666666667 0.23194444444444445 0.04479166666666667 0.075
1 0.8721354166666667 0.3106481481481482 0.0296875 0.041666666666666664