2 0.6861979166666666 0.5300925925925926 0.3067708333333333 0.9398148148148148
2 0.9205729166666666 0.525 0.12552083333333333 0.5703703703703704
2 0.7049479166666667 0.28703703703703703 0.07135416666666666 0.19814814814814816
2 0.63125 0.3421296296296296 0.07291666666666667 0.24351851851851852
2 0.40520833333333334 0.5412037037037037 0.08958333333333333 0.7194444444444444
2 0.3736979166666667 0.5481481481481482 0.3796875 0.9037037037037037
2 0.4395833333333333 0.47129629629629627 0.040625 0.4777777777777778
1 0.3515625 0.30648148148148147 0.06354166666666666 0.07962962962962963
1 0.40546875 0.30185185185185187 0.04114583333333333 0.06666666666666667
1 0.7083333333333334 0.28425925925925927 0.036458333333333336 0.06296296296296296
1 0.7255208333333333 0.23194444444444445 0.03229166666666667 0.07314814814814814
1 0.890625 0.30787037037037035 0.027083333333333334 0.041666666666666664