2 0.3546875 0.5467592592592593 0.31354166666666666 0.9064814814814814
2 0.3997395833333333 0.5824074074074074 0.14010416666666667 0.8148148148148148
2 0.45286458333333335 0.4597222222222222 0.08385416666666666 0.4824074074074074
2 0.49322916666666666 0.3962962962962963 0.040625 0.4
2 0.67265625 0.5365740740740741 0.2859375 0.9268518518518518
2 0.7005208333333334 0.3106481481481482 0.05625 0.21388888888888888
2 0.6734375 0.3175925925925926 0.04791666666666667 0.1537037037037037
2 0.9130208333333333 0.5254629629629629 0.0875 0.575
1 0.92421875 0.31712962962962965 0.022395833333333334 0.03796296296296296
1 0.7119791666666667 0.23796296296296296 0.04479166666666667 0.06851851851851852
1 0.7044270833333334 0.30925925925925923 0.028645833333333332 0.053703703703703705
1 0.46536458333333336 0.3143518518518518 0.0328125 0.04722222222222222
1 0.4036458333333333 0.3013888888888889 0.041666666666666664 0.06388888888888888
1 0.309375 0.27824074074074073 0.041666666666666664 0.0787037037037037