2 0.9231770833333334 0.5217592592592593 0.1265625 0.5787037037037037
2 0.6796875 0.5254629629629629 0.296875 0.9490740740740741
2 0.3606770833333333 0.5462962962962963 0.3765625 0.9074074074074074
2 0.40390625 0.5347222222222222 0.09427083333333333 0.725
2 0.4817708333333333 0.4842592592592593 0.08854166666666667 0.5092592592592593
2 0.7013020833333333 0.2824074074074074 0.058854166666666666 0.17777777777777778
2 0.6294270833333333 0.33935185185185185 0.0859375 0.25277777777777777
2 0.5205729166666667 0.2462962962962963 0.030729166666666665 0.08148148148148149
1 0.7192708333333333 0.24305555555555555 0.040625 0.09722222222222222
1 0.3328125 0.29768518518518516 0.0625 0.08055555555555556
1 0.40546875 0.2986111111111111 0.04114583333333333 0.07314814814814814
1 0.7088541666666667 0.2828703703703704 0.0375 0.06018518518518518
1 0.9119791666666667 0.31851851851851853 0.021875 0.03333333333333333
1 0.49713541666666666 0.3347222222222222 0.024479166666666666 0.03981481481481482
2 0.36640625 0.5435185185185185 0.3723958333333333 0.9111111111111111
2 0.4078125 0.5449074074074074 0.090625 0.7324074074074074
2 0.48359375 0.4791666666666667 0.09427083333333333 0.5064814814814815
2 0.5200520833333333 0.24444444444444444 0.03177083333333333 0.07777777777777778
2 0.6807291666666667 0.5254629629629629 0.29583333333333334 0.9398148148148148
2 0.7013020833333333 0.2800925925925926 0.06510416666666667 0.18611111111111112
2 0.9216145833333333 0.524537037037037 0.1234375 0.5805555555555556
1 0.3328125 0.300462962962963 0.06354166666666666 0.07685185185185185
1 0.40598958333333335 0.29953703703703705 0.043229166666666666 0.06759259259259259
1 0.71328125 0.22916666666666666 0.033854166666666664 0.075
1 0.7065104166666667 0.2824074074074074 0.033854166666666664 0.06111111111111111
1 0.9109375 0.31851851851851853 0.025 0.03518518518518519
2 0.36328125 0.5453703703703704 0.3723958333333333 0.9092592592592592
2 0.4036458333333333 0.5407407407407407 0.10104166666666667 0.7203703703703703
2 0.4856770833333333 0.47638888888888886 0.09635416666666667 0.49722222222222223
2 0.51875 0.23935185185185184 0.028125 0.06574074074074074
2 0.6799479166666667 0.5208333333333334 0.2942708333333333 0.9453703703703704
2 0.9223958333333333 0.5268518518518519 0.12395833333333334 0.5740740740740741
2 0.70078125 0.2847222222222222 0.0640625 0.1824074074074074
2 0.6286458333333333 0.33194444444444443 0.090625 0.2324074074074074
1 0.3328125 0.29953703703703705 0.06354166666666666 0.07314814814814814
1 0.40651041666666665 0.300462962962963 0.04114583333333333 0.06574074074074074
1 0.5015625 0.3347222222222222 0.022916666666666665 0.032407407407407406
1 0.7171875 0.22824074074074074 0.034375 0.075
1 0.7083333333333334 0.28055555555555556 0.03958333333333333 0.06111111111111111
1 0.91328125 0.31527777777777777 0.021354166666666667 0.03796296296296296