2 0.3299479166666667 0.5504629629629629 0.2765625 0.899074074074074
2 0.39375 0.5791666666666667 0.14479166666666668 0.7972222222222223
2 0.4552083333333333 0.4587962962962963 0.07708333333333334 0.4638888888888889
2 0.4895833333333333 0.39814814814814814 0.06458333333333334 0.40185185185185185
2 0.67109375 0.5347222222222222 0.2859375 0.9287037037037037
2 0.68515625 0.32037037037037036 0.0578125 0.2222222222222222
2 0.9096354166666667 0.5212962962962963 0.08802083333333334 0.5740740740740741
2 0.05703125 0.4013888888888889 0.05677083333333333 0.19722222222222222
1 0.32526041666666666 0.29768518518518516 0.050520833333333334 0.075
1 0.40651041666666665 0.2986111111111111 0.04114583333333333 0.06759259259259259
1 0.44635416666666666 0.3175925925925926 0.027083333333333334 0.03333333333333333
1 0.7072916666666667 0.23148148148148148 0.042708333333333334 0.07037037037037037
1 0.690625 0.3138888888888889 0.035416666666666666 0.05555555555555555
1 0.9161458333333333 0.31574074074074077 0.022916666666666665 0.04259259259259259