2 0.3611979166666667 0.5310185185185186 0.3182291666666667 0.9138888888888889
2 0.6791666666666667 0.5453703703703704 0.2552083333333333 0.9055555555555556
2 0.896875 0.5185185185185185 0.10520833333333333 0.5777777777777777
2 0.4239583333333333 0.3990740740740741 0.11458333333333333 0.43703703703703706
2 0.4713541666666667 0.42777777777777776 0.07604166666666666 0.3074074074074074
2 0.484375 0.25462962962962965 0.036458333333333336 0.09259259259259259
2 0.031510416666666666 0.40694444444444444 0.0515625 0.175
1 0.33098958333333334 0.2671296296296296 0.08072916666666667 0.10277777777777777
1 0.40208333333333335 0.2972222222222222 0.03958333333333333 0.06481481481481481
1 0.8955729166666667 0.30925925925925923 0.0234375 0.03518518518518519
1 0.6934895833333333 0.23425925925925925 0.03802083333333333 0.07777777777777778