2 0.022916666666666665 0.40370370370370373 0.04479166666666667 0.19444444444444445
2 0.36015625 0.5486111111111112 0.32447916666666665 0.9027777777777778
2 0.38671875 0.5717592592592593 0.13385416666666666 0.7824074074074074
2 0.46119791666666665 0.45555555555555555 0.08072916666666667 0.4722222222222222
2 0.4869791666666667 0.31296296296296294 0.059375 0.22777777777777777
2 0.6942708333333333 0.538425925925926 0.24479166666666666 0.9231481481481482
2 0.6953125 0.3162037037037037 0.06145833333333333 0.20833333333333334
2 0.90625 0.5222222222222223 0.0875 0.5777777777777777
1 0.9151041666666667 0.3148148148148148 0.029166666666666667 0.053703703703703705
1 0.696875 0.31203703703703706 0.03229166666666667 0.05555555555555555
1 0.709375 0.24444444444444444 0.0375 0.07037037037037037
1 0.4510416666666667 0.31527777777777777 0.03125 0.04351851851851852
1 0.40989583333333335 0.30185185185185187 0.040625 0.06851851851851852
1 0.315625 0.2759259259259259 0.040625 0.08148148148148149