2 0.390625 0.5458333333333333 0.4270833333333333 0.9083333333333333
2 0.684375 0.5268518518518519 0.30416666666666664 0.9462962962962963
2 0.9192708333333334 0.5236111111111111 0.12916666666666668 0.5824074074074074
2 0.7002604166666667 0.28194444444444444 0.0796875 0.18611111111111112
2 0.63671875 0.3541666666666667 0.0765625 0.2638888888888889
2 0.49583333333333335 0.36203703703703705 0.05416666666666667 0.3351851851851852
2 0.4591145833333333 0.47824074074074074 0.0734375 0.49166666666666664
2 0.40859375 0.5472222222222223 0.1109375 0.7277777777777777
1 0.34088541666666666 0.3037037037037037 0.06197916666666667 0.07777777777777778
1 0.40625 0.3013888888888889 0.05 0.07314814814814814
1 0.45026041666666666 0.3347222222222222 0.0390625 0.03796296296296296
1 0.709375 0.2865740740740741 0.0375 0.06574074074074074
1 0.7247395833333333 0.23425925925925925 0.0296875 0.07407407407407407
1 0.8932291666666666 0.30648148148148147 0.027083333333333334 0.046296296296296294