2 0.39140625 0.5481481481481482 0.3703125 0.9037037037037037
2 0.4080729166666667 0.5425925925925926 0.10260416666666666 0.7240740740740741
2 0.44947916666666665 0.4703703703703704 0.06354166666666666 0.49444444444444446
2 0.5020833333333333 0.37453703703703706 0.052083333333333336 0.35648148148148145
2 0.6825520833333333 0.5254629629629629 0.29635416666666664 0.9490740740740741
2 0.6932291666666667 0.2986111111111111 0.06145833333333333 0.19722222222222222
2 0.9200520833333333 0.5203703703703704 0.12447916666666667 0.587037037037037
1 0.7111979166666667 0.23287037037037037 0.0359375 0.075
1 0.8924479166666667 0.2949074074074074 0.0296875 0.049074074074074076
1 0.7046875 0.287962962962963 0.03229166666666667 0.05185185185185185
1 0.3489583333333333 0.30462962962962964 0.06041666666666667 0.07962962962962963
1 0.40859375 0.3037037037037037 0.044270833333333336 0.06666666666666667