2 0.03333333333333333 0.4 0.058333333333333334 0.18888888888888888
2 0.346875 0.5462962962962963 0.26875 0.9074074074074074
2 0.41328125 0.5615740740740741 0.10989583333333333 0.7638888888888888
2 0.47317708333333336 0.4726851851851852 0.0765625 0.3824074074074074
2 0.4921875 0.24074074074074073 0.036458333333333336 0.09074074074074075
2 0.68125 0.3277777777777778 0.0625 0.21481481481481482
2 0.6880208333333333 0.5375 0.24895833333333334 0.9231481481481482
2 0.9036458333333334 0.5231481481481481 0.103125 0.5814814814814815
1 0.3536458333333333 0.3125 0.057291666666666664 0.08055555555555556
1 0.40677083333333336 0.2967592592592593 0.040625 0.06388888888888888
1 0.4661458333333333 0.3523148148148148 0.023958333333333335 0.041666666666666664
1 0.6901041666666666 0.3212962962962963 0.040625 0.04814814814814815
1 0.7026041666666667 0.23055555555555557 0.040625 0.07037037037037037
1 0.9109375 0.31157407407407406 0.021875 0.04722222222222222