2 0.3729166666666667 0.5435185185185185 0.4010416666666667 0.912962962962963
2 0.41302083333333334 0.5398148148148149 0.11145833333333334 0.7240740740740741
2 0.4864583333333333 0.41574074074074074 0.10104166666666667 0.36666666666666664
2 0.5283854166666667 0.2490740740740741 0.0265625 0.07592592592592592
2 0.6744791666666666 0.5236111111111111 0.284375 0.9527777777777777
2 0.6924479166666667 0.29583333333333334 0.0578125 0.1787037037037037
2 0.92109375 0.5226851851851851 0.13385416666666666 0.5787037037037037
1 0.34036458333333336 0.2972222222222222 0.06302083333333333 0.07962962962962963
1 0.4049479166666667 0.30092592592592593 0.0421875 0.06666666666666667
1 0.5015625 0.33055555555555555 0.021875 0.03333333333333333
1 0.7049479166666667 0.2273148148148148 0.034895833333333334 0.07314814814814814
1 0.9153645833333334 0.3212962962962963 0.024479166666666666 0.037037037037037035