2 0.3880208333333333 0.5592592592592592 0.34270833333333334 0.8814814814814815
2 0.6619791666666667 0.5263888888888889 0.253125 0.9472222222222222
2 0.9364583333333333 0.5185185185185185 0.12708333333333333 0.575925925925926
2 0.7192708333333333 0.23564814814814813 0.058333333333333334 0.10277777777777777
2 0.50703125 0.30092592592592593 0.07135416666666666 0.1685185185185185
2 0.4671875 0.46620370370370373 0.08125 0.5083333333333333
2 0.4153645833333333 0.4476851851851852 0.11822916666666666 0.5416666666666666
1 0.3263020833333333 0.3055555555555556 0.0578125 0.07222222222222222
1 0.4083333333333333 0.2967592592592593 0.041666666666666664 0.06388888888888888
1 0.44817708333333334 0.3055555555555556 0.030729166666666665 0.04259259259259259
1 0.6005208333333333 0.2449074074074074 0.03854166666666667 0.0712962962962963
1 0.9361979166666666 0.30925925925925923 0.0171875 0.03518518518518519