2 0.37265625 0.5435185185185185 0.2765625 0.912962962962963
2 0.4588541666666667 0.5842592592592593 0.16770833333333332 0.8314814814814815
2 0.7625 0.5324074074074074 0.2677083333333333 0.9351851851851852
2 0.9752604166666666 0.5157407407407407 0.049479166666666664 0.5648148148148148
2 0.7359375 0.49583333333333335 0.10833333333333334 0.6342592592592593
2 0.5494791666666666 0.29212962962962963 0.058333333333333334 0.18796296296296297
2 0.5151041666666667 0.4101851851851852 0.051041666666666666 0.3907407407407407
2 0.68984375 0.31527777777777777 0.0515625 0.1527777777777778
2 0.13515625 0.3560185185185185 0.04739583333333333 0.10092592592592593
1 0.35598958333333336 0.27870370370370373 0.04635416666666667 0.08333333333333333
1 0.47109375 0.2916666666666667 0.04739583333333333 0.07037037037037037
1 0.75703125 0.23796296296296296 0.033854166666666664 0.07222222222222222
1 0.7419270833333333 0.2726851851851852 0.0328125 0.06388888888888888
1 0.6942708333333333 0.28935185185185186 0.025 0.03796296296296296
1 0.50625 0.3023148148148148 0.023958333333333335 0.04351851851851852