2 0.016666666666666666 0.39490740740740743 0.030208333333333334 0.18055555555555555
2 0.28359375 0.5412037037037037 0.2682291666666667 0.9175925925925926
2 0.3890625 0.5402777777777777 0.11875 0.7324074074074074
2 0.44427083333333334 0.41574074074074074 0.1 0.38333333333333336
2 0.6947916666666667 0.5402777777777777 0.20416666666666666 0.9194444444444444
2 0.8705729166666667 0.5180555555555556 0.10364583333333334 0.5842592592592593
1 0.27239583333333334 0.29907407407407405 0.075 0.09444444444444444
1 0.38385416666666666 0.2912037037037037 0.046875 0.07314814814814814
1 0.6744791666666666 0.2337962962962963 0.04375 0.0787037037037037
1 0.8666666666666667 0.30462962962962964 0.028125 0.044444444444444446
1 0.010416666666666666 0.36712962962962964 0.016666666666666666 0.026851851851851852