2 0.6705729166666666 0.5342592592592592 0.2546875 0.9314814814814815
2 0.8731770833333333 0.5185185185185185 0.1046875 0.5703703703703704
2 0.6528645833333333 0.4236111111111111 0.09114583333333333 0.3398148148148148
2 0.28463541666666664 0.5388888888888889 0.24322916666666666 0.9222222222222223
2 0.3890625 0.44351851851851853 0.121875 0.5370370370370371
2 0.4479166666666667 0.41712962962962963 0.09895833333333333 0.38055555555555554
2 0.4875 0.35324074074074074 0.041666666666666664 0.19537037037037036
2 0.6216145833333333 0.5175925925925926 0.08385416666666666 0.5962962962962963
2 0.0203125 0.4041666666666667 0.040625 0.19537037037037036
1 0.2791666666666667 0.30092592592592593 0.07291666666666667 0.09074074074074075
1 0.38229166666666664 0.2916666666666667 0.042708333333333334 0.06666666666666667
1 0.6778645833333333 0.22592592592592592 0.04010416666666667 0.07222222222222222
1 0.8721354166666667 0.3111111111111111 0.025520833333333333 0.03518518518518519
1 0.013020833333333334 0.3638888888888889 0.021875 0.02962962962962963