2 0.365625 0.538425925925926 0.321875 0.9231481481481482
2 0.6747395833333333 0.5393518518518519 0.27239583333333334 0.9212962962962963
2 0.8953125 0.5152777777777777 0.090625 0.5861111111111111
2 0.030989583333333334 0.39861111111111114 0.0609375 0.1935185185185185
2 0.6825520833333333 0.31574074074074077 0.0546875 0.17962962962962964
2 0.42630208333333336 0.3638888888888889 0.0890625 0.37037037037037035
2 0.4734375 0.4398148148148148 0.07291666666666667 0.31666666666666665
2 0.48828125 0.2569444444444444 0.04739583333333333 0.1175925925925926
1 0.34270833333333334 0.274537037037037 0.071875 0.10277777777777777
1 0.4044270833333333 0.29814814814814816 0.043229166666666666 0.07037037037037037
1 0.6924479166666667 0.3365740740740741 0.027604166666666666 0.04537037037037037
1 0.6958333333333333 0.23287037037037037 0.03854166666666667 0.07685185185185185
1 0.90546875 0.31666666666666665 0.019270833333333334 0.040740740740740744