2 0.023958333333333335 0.39861111111111114 0.046875 0.18425925925925926
2 0.3234375 0.5361111111111111 0.28854166666666664 0.9277777777777778
2 0.3880208333333333 0.46064814814814814 0.11145833333333334 0.5694444444444444
2 0.44947916666666665 0.47453703703703703 0.06875 0.41574074074074074
2 0.4786458333333333 0.4083333333333333 0.04375 0.34074074074074073
2 0.6463541666666667 0.5453703703703704 0.2864583333333333 0.9092592592592592
2 0.6330729166666667 0.3962962962962963 0.08177083333333333 0.34444444444444444
2 0.8859375 0.5236111111111111 0.1 0.5842592592592593
1 0.28828125 0.2851851851851852 0.06614583333333333 0.08703703703703704
1 0.3893229166666667 0.29398148148148145 0.043229166666666666 0.0712962962962963
1 0.44296875 0.3453703703703704 0.0328125 0.046296296296296294
1 0.67265625 0.23796296296296296 0.0390625 0.07222222222222222
1 0.87890625 0.3125 0.025520833333333333 0.03796296296296296