2 0.34270833333333334 0.5430555555555555 0.315625 0.9138888888888889
2 0.43125 0.5856481481481481 0.16875 0.8287037037037037
2 0.4953125 0.375 0.06875 0.3055555555555556
2 0.540625 0.38287037037037036 0.0625 0.3527777777777778
2 0.7036458333333333 0.4699074074074074 0.08020833333333334 0.5472222222222223
2 0.7330729166666666 0.55 0.25052083333333336 0.9
2 0.9544270833333334 0.5300925925925926 0.09114583333333333 0.5787037037037037
2 0.05416666666666667 0.4046296296296296 0.08333333333333333 0.18333333333333332
1 0.7177083333333333 0.2824074074074074 0.03229166666666667 0.08888888888888889
1 0.3109375 0.28888888888888886 0.03958333333333333 0.08148148148148149
1 0.45026041666666666 0.29259259259259257 0.0515625 0.07037037037037037
1 0.5013020833333334 0.32407407407407407 0.028645833333333332 0.03888888888888889
1 0.9880208333333333 0.3351851851851852 0.023958333333333335 0.04259259259259259