2 0.8859375 0.5111111111111111 0.10833333333333334 0.5703703703703704
2 0.6864583333333333 0.5476851851851852 0.20416666666666666 0.9046296296296297
2 0.3078125 0.5342592592592592 0.22291666666666668 0.9314814814814815
2 0.018489583333333334 0.4064814814814815 0.03697916666666667 0.18333333333333332
2 0.39296875 0.43796296296296294 0.10989583333333333 0.5259259259259259
2 0.4466145833333333 0.4300925925925926 0.07447916666666667 0.33240740740740743
2 0.46432291666666664 0.32175925925925924 0.043229166666666666 0.20277777777777778
1 0.6611979166666667 0.23703703703703705 0.044270833333333336 0.08148148148148149
1 0.3921875 0.29259259259259257 0.04479166666666667 0.07037037037037037
1 0.31927083333333334 0.2662037037037037 0.071875 0.10092592592592593
1 0.8802083333333334 0.3087962962962963 0.025 0.03425925925925926