2 0.0578125 0.38796296296296295 0.058333333333333334 0.17222222222222222
2 0.32265625 0.549074074074074 0.2869791666666667 0.9018518518518519
2 0.41848958333333336 0.5773148148148148 0.14635416666666667 0.7916666666666666
2 0.48723958333333334 0.4759259259259259 0.08177083333333333 0.4962962962962963
2 0.5440104166666667 0.4101851851851852 0.06822916666666666 0.32407407407407407
2 0.7244791666666667 0.5606481481481481 0.28229166666666666 0.8787037037037037
2 0.9505208333333334 0.524074074074074 0.09895833333333333 0.587037037037037
2 0.8458333333333333 0.3333333333333333 0.06979166666666667 0.20185185185185187
1 0.2981770833333333 0.30787037037037035 0.06614583333333333 0.0824074074074074
1 0.43333333333333335 0.29814814814814816 0.04895833333333333 0.07222222222222222
1 0.47109375 0.31851851851851853 0.027604166666666666 0.03888888888888889
1 0.7005208333333334 0.29814814814814816 0.01875 0.05
1 0.9557291666666666 0.31296296296296294 0.029166666666666667 0.040740740740740744
1 0.82734375 0.29907407407407405 0.0203125 0.03888888888888889
1 0.05130208333333333 0.3800925925925926 0.022395833333333334 0.032407407407407406