2 0.03125 0.3976851851851852 0.052083333333333336 0.16203703703703703
2 0.34921875 0.5342592592592592 0.3140625 0.9314814814814815
2 0.41380208333333335 0.45 0.1109375 0.5407407407407407
2 0.4747395833333333 0.4324074074074074 0.06822916666666666 0.31296296296296294
2 0.46484375 0.3074074074074074 0.05572916666666667 0.18518518518518517
2 0.6580729166666667 0.5430555555555555 0.28802083333333334 0.9138888888888889
2 0.9026041666666667 0.5189814814814815 0.109375 0.5768518518518518
2 0.67734375 0.3287037037037037 0.05572916666666667 0.18703703703703703
2 0.6489583333333333 0.29907407407407405 0.04375 0.11481481481481481
1 0.3145833333333333 0.25925925925925924 0.08020833333333334 0.10740740740740741
1 0.40208333333333335 0.2986111111111111 0.046875 0.06759259259259259
1 0.6901041666666666 0.23564814814814813 0.041666666666666664 0.08055555555555556
1 0.89609375 0.3060185185185185 0.027604166666666666 0.03981481481481482