2 0.31953125 0.5550925925925926 0.2859375 0.8898148148148148
2 0.42604166666666665 0.5916666666666667 0.14791666666666667 0.8074074074074075
2 0.5286458333333334 0.41805555555555557 0.084375 0.3712962962962963
2 0.7424479166666667 0.5458333333333333 0.2953125 0.9083333333333333
2 0.9484375 0.524074074074074 0.08333333333333333 0.5888888888888889
2 0.057291666666666664 0.3925925925925926 0.06354166666666666 0.17962962962962964
2 0.7171875 0.3574074074074074 0.03854166666666667 0.2722222222222222
1 0.734375 0.2828703703703704 0.03125 0.06574074074074074
1 0.9666666666666667 0.3162037037037037 0.025 0.04351851851851852
1 0.440625 0.3 0.042708333333333334 0.06851851851851852
1 0.29973958333333334 0.32314814814814813 0.0578125 0.07222222222222222
1 0.0390625 0.36342592592592593 0.017708333333333333 0.026851851851851852