2 0.371875 0.5541666666666667 0.2916666666666667 0.8916666666666667
2 0.4122395833333333 0.45185185185185184 0.12135416666666667 0.5425925925925926
2 0.4588541666666667 0.45601851851851855 0.06458333333333334 0.487962962962963
2 0.5052083333333334 0.3060185185185185 0.05625 0.1935185185185185
2 0.6760416666666667 0.5342592592592592 0.2604166666666667 0.9314814814814815
2 0.7286458333333333 0.225 0.036458333333333336 0.07777777777777778
2 0.9294270833333333 0.5259259259259259 0.1109375 0.5740740740740741
1 0.3296875 0.2953703703703704 0.05625 0.07407407407407407
1 0.4109375 0.2967592592592593 0.042708333333333334 0.07314814814814814
1 0.44609375 0.3060185185185185 0.034895833333333334 0.04351851851851852
1 0.6401041666666667 0.2449074074074074 0.04375 0.08425925925925926
1 0.953125 0.31296296296296294 0.019791666666666666 0.03518518518518519