2 0.12135416666666667 0.13796296296296295 0.09166666666666666 0.2740740740740741
2 0.27109375 0.36435185185185187 0.20885416666666667 0.562037037037037
2 0.3140625 0.2273148148148148 0.06458333333333334 0.2490740740740741
2 0.43072916666666666 0.337037037037037 0.1375 0.5259259259259259
2 0.5239583333333333 0.3 0.11979166666666667 0.35185185185185186
2 0.65390625 0.5601851851851852 0.34010416666666665 0.6592592592592592
2 0.9005208333333333 0.15185185185185185 0.11979166666666667 0.3037037037037037
0 0.6958333333333333 0.31527777777777777 0.11145833333333334 0.16203703703703703
0 0.55546875 0.16666666666666666 0.05572916666666667 0.07962962962962963
0 0.46328125 0.1175925925925926 0.07447916666666667 0.08518518518518518
0 0.25416666666666665 0.1712962962962963 0.103125 0.1685185185185185
0 0.2903645833333333 0.12314814814814815 0.04114583333333333 0.05555555555555555