2 0.6557291666666667 0.6013888888888889 0.321875 0.6305555555555555
2 0.5893229166666667 0.37824074074074077 0.2046875 0.3287037037037037
2 0.4471354166666667 0.34814814814814815 0.15677083333333333 0.4962962962962963
2 0.2671875 0.4023148148148148 0.21979166666666666 0.475
2 0.13802083333333334 0.4597222222222222 0.10416666666666667 0.5842592592592593
2 0.12942708333333333 0.16157407407407406 0.09427083333333333 0.16944444444444445
2 0.890625 0.1625 0.165625 0.325
0 0.69140625 0.36666666666666664 0.11302083333333333 0.16666666666666666
0 0.6583333333333333 0.2564814814814815 0.052083333333333336 0.08148148148148149
0 0.48802083333333335 0.14953703703703702 0.07395833333333333 0.09166666666666666
0 0.21901041666666668 0.25555555555555554 0.0984375 0.17962962962962964
0 0.1171875 0.20601851851851852 0.0625 0.07685185185185185
0 0.15494791666666666 0.11388888888888889 0.033854166666666664 0.07222222222222222
1 0.12317708333333334 0.2800925925925926 0.0421875 0.05648148148148148