2 0.12682291666666667 0.16064814814814815 0.09322916666666667 0.26944444444444443
2 0.15833333333333333 0.2537037037037037 0.078125 0.27037037037037037
2 0.24583333333333332 0.4111111111111111 0.2625 0.46111111111111114
2 0.44765625 0.350462962962963 0.15572916666666667 0.49537037037037035
2 0.59140625 0.35694444444444445 0.19322916666666667 0.28055555555555556
2 0.665625 0.600462962962963 0.2989583333333333 0.6435185185185185
2 0.8744791666666667 0.16203703703703703 0.13020833333333334 0.32407407407407407
0 0.15390625 0.06296296296296296 0.033854166666666664 0.07037037037037037
0 0.15755208333333334 0.1537037037037037 0.0703125 0.07222222222222222
0 0.2203125 0.2759259259259259 0.09791666666666667 0.19074074074074074
0 0.4869791666666667 0.15 0.07708333333333334 0.09444444444444444
0 0.6619791666666667 0.25787037037037036 0.051041666666666666 0.08425925925925926
0 0.6958333333333333 0.35833333333333334 0.1125 0.16111111111111112
1 0.15338541666666666 0.22361111111111112 0.0421875 0.05277777777777778