2 0.10807291666666667 0.15324074074074073 0.0671875 0.30462962962962964
2 0.24895833333333334 0.47175925925925927 0.240625 0.462037037037037
2 0.303125 0.3143518518518518 0.09375 0.3287037037037037
2 0.43802083333333336 0.35648148148148145 0.159375 0.4925925925925926
2 0.5950520833333334 0.36157407407407405 0.17864583333333334 0.2861111111111111
2 0.6520833333333333 0.6046296296296296 0.325 0.6425925925925926
2 0.8734375 0.16712962962962963 0.13645833333333332 0.33425925925925926
0 0.18385416666666668 0.325 0.103125 0.17037037037037037
0 0.28958333333333336 0.18703703703703703 0.06458333333333334 0.07222222222222222
0 0.4796875 0.16203703703703703 0.07604166666666666 0.0962962962962963
0 0.659375 0.2638888888888889 0.04895833333333333 0.08888888888888889
0 0.7041666666666667 0.36666666666666664 0.10833333333333334 0.16296296296296298