2 0.64921875 0.5972222222222222 0.3359375 0.6240740740740741
2 0.28880208333333335 0.3527777777777778 0.19427083333333334 0.5555555555555556
2 0.415625 0.3425925925925926 0.10729166666666666 0.5351851851851852
2 0.234375 0.2657407407407407 0.11041666666666666 0.3388888888888889
2 0.4630208333333333 0.4009259259259259 0.090625 0.31666666666666665
2 0.9091145833333333 0.15416666666666667 0.13177083333333334 0.30833333333333335
0 0.6919270833333333 0.3731481481481482 0.1140625 0.17777777777777778
0 0.31536458333333334 0.15231481481481482 0.10572916666666667 0.15648148148148147
0 0.26458333333333334 0.13518518518518519 0.042708333333333334 0.07962962962962963
0 0.43125 0.12824074074074074 0.075 0.10648148148148148
0 0.38307291666666665 0.20416666666666666 0.0328125 0.05648148148148148