2 0.115625 0.14907407407407408 0.09895833333333333 0.2962962962962963
2 0.24010416666666667 0.35694444444444445 0.14583333333333334 0.43425925925925923
2 0.28984375 0.5546296296296296 0.2109375 0.17962962962962964
2 0.4473958333333333 0.3476851851851852 0.15416666666666667 0.4842592592592593
2 0.5903645833333333 0.3453703703703704 0.18802083333333333 0.31296296296296294
2 0.6497395833333334 0.6027777777777777 0.3296875 0.6296296296296297
2 0.87578125 0.16435185185185186 0.13697916666666668 0.3287037037037037
0 0.19921875 0.19490740740740742 0.06510416666666667 0.11018518518518519
0 0.23020833333333332 0.5740740740740741 0.09375 0.14444444444444443
0 0.48385416666666664 0.1527777777777778 0.07604166666666666 0.09444444444444444
0 0.6559895833333333 0.2351851851851852 0.05572916666666667 0.09074074074074075
0 0.69921875 0.3712962962962963 0.10885416666666667 0.1648148148148148