2 0.90546875 0.1537037037037037 0.13177083333333334 0.3055555555555556
2 0.13541666666666666 0.1439814814814815 0.103125 0.2861111111111111
2 0.26484375 0.38564814814814813 0.22447916666666667 0.5361111111111111
2 0.4393229166666667 0.3384259259259259 0.1546875 0.5194444444444445
2 0.5348958333333333 0.3296296296296296 0.11458333333333333 0.4
2 0.66015625 0.5643518518518519 0.3390625 0.6546296296296297
0 0.7083333333333334 0.3212962962962963 0.11145833333333334 0.17222222222222222
0 0.5627604166666667 0.16898148148148148 0.058854166666666666 0.0787037037037037
0 0.47630208333333335 0.12453703703703704 0.0734375 0.09166666666666666
0 0.22265625 0.2037037037037037 0.1015625 0.17592592592592593
0 0.17109375 0.011111111111111112 0.025520833333333333 0.022222222222222223
0 0.23828125 0.12731481481481483 0.0671875 0.05277777777777778
2 0.24557291666666667 0.17824074074074073 0.0796875 0.15462962962962962