2 0.16640625 0.4935185185185185 0.33177083333333335 0.9851851851851852
2 0.25494791666666666 0.35138888888888886 0.19947916666666668 0.5657407407407408
2 0.66875 0.47685185185185186 0.5291666666666667 0.95
2 0.6294270833333333 0.30648148148148147 0.2557291666666667 0.5833333333333334
2 0.8776041666666666 0.7578703703703704 0.24479166666666666 0.4842592592592593
2 0.6028645833333334 0.4203703703703704 0.0328125 0.12222222222222222
2 0.5059895833333333 0.43194444444444446 0.0296875 0.09722222222222222
0 0.14895833333333333 0.044444444444444446 0.21770833333333334 0.08703703703703704
0 0.28229166666666666 0.12314814814814815 0.09270833333333334 0.11851851851851852
0 0.6713541666666667 0.09027777777777778 0.08229166666666667 0.1527777777777778
0 0.6005208333333333 0.36666666666666664 0.0125 0.016666666666666666
0 0.5072916666666667 0.38935185185185184 0.008333333333333333 0.010185185185185186