2 0.8875 0.07314814814814814 0.8869791666666667 0.08148148148148149 0.8911458333333333 0.09166666666666666 0.9036458333333334 0.1 0.915625 0.10185185185185185 0.9197916666666667 0.09814814814814815 0.9197916666666667 0.08518518518518518 0.9229166666666667 0.08055555555555556 0.9244791666666666 0.07037037037037037 0.93125 0.062037037037037036 0.9994791666666667 0.05185185185185185 0.9994791666666667 0 0.9182291666666667 0 0.915625 0.032407407407407406 0.9125 0.046296296296296294 0.8927083333333333 0.06388888888888888
2 0.22552083333333334 0.5 0.45 1
0 0.1984375 0.09351851851851851 0.16458333333333333 0.18703703703703703
2 0.38619791666666664 0.3685185185185185 0.26197916666666665 0.3907407407407407
0 0.3958333333333333 0.2222222222222222 0.07708333333333334 0.09259259259259259
2 0.6625 0.5 0.37916666666666665 1
0 0.6588541666666666 0.09305555555555556 0.13541666666666666 0.18611111111111112
2 0.8927083333333333 0.5 0.21458333333333332 1
0 0.94296875 0.05277777777777778 0.1140625 0.10555555555555556
2 0.2942708333333333 0.17222222222222222 0.028125 0.15555555555555556
0 0.2864583333333333 0.10462962962962963 0.011458333333333333 0.022222222222222223
2 0.25026041666666665 0.37453703703703706 0.04010416666666667 0.10462962962962963
0 0.25 0.3337962962962963 0.015625 0.023148148148148147
2 0.28229166666666666 0.37083333333333335 0.03333333333333333 0.10277777777777777
0 0.27890625 0.33240740740740743 0.0171875 0.025925925925925925
2 0.8591145833333333 0.43842592592592594 0.05364583333333333 0.31203703703703706
0 0.8729166666666667 0.3 0.023958333333333335 0.03333333333333333
0 0.73203125 0.16435185185185186 0.0359375 0.08796296296296297