2 0.1515625 0.5 0.303125 1
2 0.21692708333333333 0.3680555555555556 0.24114583333333334 0.7194444444444444
2 0.33932291666666664 0.41759259259259257 0.022395833333333334 0.10185185185185185
2 0.35234375 0.2064814814814815 0.0328125 0.10925925925925926
2 0.325 0.15092592592592594 0.021875 0.07037037037037037
2 0.5567708333333333 0.4759259259259259 0.04479166666666667 0.23703703703703705
2 0.70390625 0.45231481481481484 0.0328125 0.14351851851851852
2 0.7244791666666667 0.4425925925925926 0.028125 0.11481481481481481
2 0.7046875 0.500462962962963 0.590625 0.9990740740740741
2 0.7609375 0.3 0.18854166666666666 0.6
0 0.28229166666666666 0.10185185185185185 0.07395833333333333 0.17962962962962964
0 0.34088541666666666 0.38333333333333336 0.015104166666666667 0.025925925925925925
0 0.5546875 0.37083333333333335 0.015625 0.025
0 0.7 0.3921296296296296 0.013541666666666667 0.017592592592592594
0 0.7236979166666667 0.3925925925925926 0.009895833333333333 0.014814814814814815
0 0.3416666666666667 0.15833333333333333 0.010416666666666666 0.012962962962962963