2 0.25755208333333335 0.500462962962963 0.5151041666666667 0.9990740740740741
2 0.38333333333333336 0.37916666666666665 0.2 0.6805555555555556
2 0.4635416666666667 0.2175925925925926 0.05416666666666667 0.16666666666666666
2 0.6018229166666667 0.4842592592592593 0.043229166666666666 0.2462962962962963
2 0.6755208333333333 0.4601851851851852 0.028125 0.0962962962962963
2 0.83046875 0.4546296296296296 0.028645833333333332 0.1425925925925926
2 0.8588541666666667 0.4546296296296296 0.03333333333333333 0.12037037037037036
2 0.9419270833333333 0.4212962962962963 0.03177083333333333 0.21481481481481482
2 0.8078125 0.45787037037037037 0.384375 0.9157407407407407
0 0.4265625 0.08935185185185185 0.041666666666666664 0.10277777777777777
0 0.59921875 0.37222222222222223 0.021354166666666667 0.024074074074074074
0 0.6763020833333333 0.4185185185185185 0.011979166666666667 0.012962962962962963
0 0.8265625 0.39444444444444443 0.014583333333333334 0.022222222222222223
0 0.86484375 0.40324074074074073 0.013020833333333334 0.017592592592592594
0 0.94921875 0.3300925925925926 0.0078125 0.026851851851851852