0 0.7203125 0.18981481481481483 0.7255208333333333 0.19537037037037036 0.7307291666666667 0.20833333333333334 0.7307291666666667 0.2361111111111111 0.7270833333333333 0.2351851851851852 0.7234375 0.225 0.7166666666666667 0.21851851851851853 0.7067708333333333 0.21388888888888888 0.6994791666666667 0.21574074074074073 0.6984375 0.21296296296296297 0.70625 0.19537037037037036 0.7140625 0.18981481481481483 0.7197916666666667 0.18981481481481483
0 0.48020833333333335 0.2462962962962963 0.48802083333333335 0.25277777777777777 0.5020833333333333 0.27870370370370373 0.5046875 0.287962962962963 0.503125 0.3037037037037037 0.48854166666666665 0.3296296296296296 0.46979166666666666 0.34074074074074073 0.4473958333333333 0.34629629629629627 0.4395833333333333 0.3425925925925926 0.4354166666666667 0.3314814814814815 0.44166666666666665 0.2722222222222222 0.45208333333333334 0.25462962962962965 0.459375 0.24814814814814815 0.4661458333333333 0.24537037037037038 0.4796875 0.2462962962962963
0 0.35208333333333336 0.22592592592592592 0.35520833333333335 0.22962962962962963 0.35572916666666665 0.23425925925925925 0.3515625 0.2361111111111111 0.3463541666666667 0.23425925925925925 0.34791666666666665 0.22685185185185186 0.3515625 0.22592592592592592
0 0.6208333333333333 0.20925925925925926 0.6265625 0.21574074074074073 0.6291666666666667 0.22962962962962963 0.6276041666666666 0.2324074074074074 0.6161458333333333 0.22962962962962963 0.6125 0.23148148148148148 0.609375 0.22870370370370371 0.6114583333333333 0.21481481481481482 0.6135416666666667 0.2111111111111111 0.6203125 0.20925925925925926
0 0.24114583333333334 0.24259259259259258 0.246875 0.2518518518518518 0.2421875 0.2601851851851852 0.23645833333333333 0.25555555555555554 0.2375 0.24351851851851852 0.240625 0.24259259259259258
0 0.3802083333333333 0.24537037037037038 0.3880208333333333 0.2537037037037037 0.3932291666666667 0.2675925925925926 0.39375 0.2777777777777778 0.390625 0.2861111111111111 0.38177083333333334 0.2796296296296296 0.3697916666666667 0.26481481481481484 0.365625 0.2638888888888889 0.359375 0.26944444444444443 0.35625 0.26851851851851855 0.3567708333333333 0.2574074074074074 0.36041666666666666 0.25092592592592594 0.3697916666666667 0.24351851851851852 0.3796875 0.24537037037037038
0 0.2942708333333333 0.25277777777777777 0.30416666666666664 0.2574074074074074 0.3151041666666667 0.27037037037037037 0.32135416666666666 0.2861111111111111 0.32135416666666666 0.29444444444444445 0.3140625 0.2972222222222222 0.2989583333333333 0.287962962962963 0.28489583333333335 0.2861111111111111 0.2765625 0.2962962962962963 0.27395833333333336 0.3074074074074074 0.2713541666666667 0.3074074074074074 0.2677083333333333 0.3 0.2677083333333333 0.2898148148148148 0.2734375 0.2722222222222222 0.28229166666666666 0.2574074074074074 0.29375 0.25277777777777777
0 0.23020833333333332 0.22407407407407406 0.23333333333333334 0.22777777777777777 0.2375 0.24074074074074073 0.234375 0.24444444444444444 0.21979166666666666 0.24074074074074073 0.22135416666666666 0.22962962962962963 0.22395833333333334 0.225 0.2296875 0.22407407407407406
0 0.21458333333333332 0.24351851851851852 0.21822916666666667 0.24814814814814815 0.21875 0.25833333333333336 0.21354166666666666 0.26481481481481484 0.209375 0.26296296296296295 0.20833333333333334 0.25 0.20989583333333334 0.24537037037037038 0.2140625 0.24351851851851852
0 0.24479166666666666 0.009259259259259259 0.24947916666666667 0.009259259259259259 0.2526041666666667 0.014814814814814815 0.2515625 0.020370370370370372 0.24427083333333333 0.021296296296296296 0.24270833333333333 0.017592592592592594 0.24479166666666666 0.010185185185185186
0 0.6026041666666667 0.22962962962962963 0.6057291666666667 0.23981481481481481 0.6057291666666667 0.24537037037037038 0.6036458333333333 0.2462962962962963 0.5932291666666667 0.24259259259259258 0.5953125 0.23055555555555557 0.6020833333333333 0.22962962962962963
0 0.32447916666666665 0.24537037037037038 0.328125 0.25092592592592594 0.328125 0.25555555555555554 0.32135416666666666 0.25925925925925924 0.3182291666666667 0.2537037037037037 0.32083333333333336 0.2462962962962963 0.32395833333333335 0.24537037037037038
0 0.7869791666666667 0.18333333333333332 0.7947916666666667 0.18518518518518517 0.8005208333333333 0.1935185185185185 0.8052083333333333 0.20925925925925926 0.8067708333333333 0.22777777777777777 0.8036458333333333 0.23055555555555557 0.7875 0.23055555555555557 0.765625 0.23703703703703705 0.7619791666666667 0.23703703703703705 0.7604166666666666 0.2324074074074074 0.76875 0.19814814814814816 0.7770833333333333 0.18518518518518517 0.7864583333333334 0.18333333333333332
2 0.6020833333333333 0.22962962962962963 0.6057291666666667 0.24074074074074073 0.6057291666666667 0.2490740740740741 0.6005208333333333 0.2601851851851852 0.596875 0.2833333333333333 0.5947916666666667 0.37777777777777777 0.5916666666666667 0.40370370370370373 0.5854166666666667 0.40185185185185185 0.5838541666666667 0.38796296296296295 0.5838541666666667 0.33796296296296297 0.5796875 0.3111111111111111 0.5802083333333333 0.28055555555555556 0.584375 0.26481481481481484 0.5932291666666667 0.25092592592592594 0.5932291666666667 0.2388888888888889 0.5953125 0.23055555555555557 0.6015625 0.22962962962962963
2 0.57421875 0.2912037037037037 0.024479166666666666 0.08055555555555556
2 0.4744791666666667 0.24537037037037038 0.4817708333333333 0.24722222222222223 0.4875 0.25277777777777777 0.503125 0.2824074074074074 0.5046875 0.2962962962962963 0.49947916666666664 0.3175925925925926 0.5088541666666667 0.32685185185185184 0.5140625 0.33611111111111114 0.5213541666666667 0.3675925925925926 0.53125 0.39351851851851855 0.54375 0.4462962962962963 0.5479166666666667 0.4925925925925926 0.5567708333333333 0.5222222222222223 0.5572916666666666 0.5370370370370371 0.5557291666666667 0.5398148148148149 0.5421875 0.5425925925925926 0.5463541666666667 0.5462962962962963 0.5604166666666667 0.549074074074074 0.5640625 0.5564814814814815 0.5640625 0.5648148148148148 0.5598958333333334 0.5805555555555556 0.5583333333333333 0.6037037037037037 0.5557291666666667 0.6138888888888889 0.5557291666666667 0.6333333333333333 0.55 0.6611111111111111 0.5494791666666666 0.7092592592592593 0.5526041666666667 0.7203703703703703 0.5557291666666667 0.7509259259259259 0.5557291666666667 0.7851851851851852 0.559375 0.8111111111111111 0.5588541666666667 0.8212962962962963 0.5609375 0.8277777777777777 0.5604166666666667 0.8453703703703703 0.5677083333333334 0.8833333333333333 0.5677083333333334 0.9009259259259259 0.5630208333333333 0.9074074074074074 0.5588541666666667 0.9259259259259259 0.5526041666666667 0.9287037037037037 0.5322916666666667 0.9287037037037037 0.5234375 0.9324074074074075 0.5078125 0.9324074074074075 0.4942708333333333 0.9277777777777778 0.4895833333333333 0.9194444444444444 0.4890625 0.9074074074074074 0.490625 0.9009259259259259 0.496875 0.8916666666666667 0.5 0.8796296296296297 0.5072916666666667 0.8731481481481481 0.5223958333333333 0.8712962962962963 0.5260416666666666 0.862037037037037 0.5270833333333333 0.8305555555555556 0.5161458333333333 0.8 0.5135416666666667 0.774074074074074 0.5135416666666667 0.7296296296296296 0.5083333333333333 0.6722222222222223 0.5098958333333333 0.6675925925925926 0.5072916666666667 0.6574074074074074 0.5083333333333333 0.6453703703703704 0.5057291666666667 0.6324074074074074 0.5072916666666667 0.6101851851851852 0.5052083333333334 0.6018518518518519 0.5083333333333333 0.5981481481481481 0.5114583333333333 0.6018518518518519 0.5177083333333333 0.6 0.5177083333333333 0.5953703703703703 0.5223958333333333 0.5916666666666667 0.51875 0.5879629629629629 0.5213541666666667 0.5851851851851851 0.5338541666666666 0.5842592592592593 0.5333333333333333 0.5740740740740741 0.525 0.55 0.5302083333333333 0.5435185185185185 0.5161458333333333 0.5370370370370371 0.5072916666666667 0.525 0.4875 0.5064814814814815 0.48072916666666665 0.49074074074074076 0.45989583333333334 0.5027777777777778 0.44635416666666666 0.5064814814814815 0.4375 0.5138888888888888 0.42135416666666664 0.512962962962963 0.41510416666666666 0.49907407407407406 0.4046875 0.4898148148148148 0.3958333333333333 0.48703703703703705 0.38958333333333334 0.4703703703703704 0.3802083333333333 0.4666666666666667 0.37604166666666666 0.4564814814814815 0.37604166666666666 0.43148148148148147 0.38333333333333336 0.42592592592592593 0.390625 0.42962962962962964 0.4005208333333333 0.44537037037037036 0.41458333333333336 0.46111111111111114 0.45 0.46111111111111114 0.471875 0.42407407407407405 0.471875 0.4009259259259259 0.4661458333333333 0.387037037037037 0.46510416666666665 0.37407407407407406 0.4390625 0.3425925925925926 0.4354166666666667 0.3314814814814815 0.425 0.3472222222222222 0.40677083333333336 0.35833333333333334 0.40572916666666664 0.3648148148148148 0.4 0.37592592592592594 0.3927083333333333 0.37962962962962965 0.39427083333333335 0.38981481481481484 0.390625 0.3972222222222222 0.3828125 0.4009259259259259 0.38125 0.40370370370370373 0.38229166666666664 0.4083333333333333 0.3796875 0.41388888888888886 0.3765625 0.41574074074074074 0.375 0.4064814814814815 0.37916666666666665 0.38333333333333336 0.3828125 0.37962962962962965 0.38333333333333336 0.3675925925925926 0.39479166666666665 0.3416666666666667 0.415625 0.3138888888888889 0.42864583333333334 0.3037037037037037 0.43854166666666666 0.3 0.4421875 0.2712962962962963 0.45208333333333334 0.25462962962962965 0.4640625 0.2462962962962963 0.4739583333333333 0.24537037037037038
2 0.71875 0.18981481481481483 0.7276041666666667 0.2 0.73125 0.21388888888888888 0.7307291666666667 0.2351851851851852 0.7223958333333333 0.25555555555555554 0.7213541666666666 0.2722222222222222 0.7255208333333333 0.28055555555555556 0.7296875 0.2833333333333333 0.7338541666666667 0.2935185185185185 0.7333333333333333 0.31203703703703706 0.7244791666666667 0.33796296296296297 0.7203125 0.3611111111111111 0.7239583333333334 0.39351851851851855 0.721875 0.45 0.7182291666666667 0.46296296296296297 0.7052083333333333 0.47962962962962963 0.6979166666666666 0.5148148148148148 0.6958333333333333 0.5175925925925926 0.6927083333333334 0.5120370370370371 0.6895833333333333 0.5148148148148148 0.6864583333333333 0.525 0.6864583333333333 0.5333333333333333 0.6828125 0.5398148148148149 0.6838541666666667 0.55 0.678125 0.5555555555555556 0.6765625 0.6231481481481481 0.6807291666666667 0.6361111111111111 0.6848958333333334 0.6675925925925926 0.6765625 0.6796296296296296 0.6682291666666667 0.6787037037037037 0.6640625 0.6694444444444444 0.6645833333333333 0.6407407407407407 0.6666666666666666 0.6287037037037037 0.6625 0.5685185185185185 0.6640625 0.55 0.6677083333333333 0.537962962962963 0.665625 0.5287037037037037 0.6666666666666666 0.5092592592592593 0.6645833333333333 0.48055555555555557 0.6651041666666667 0.4564814814814815 0.6682291666666667 0.42962962962962964 0.6635416666666667 0.40370370370370373 0.6625 0.3592592592592593 0.6692708333333334 0.30092592592592593 0.6744791666666666 0.2796296296296296 0.6802083333333333 0.2712962962962963 0.6932291666666667 0.26666666666666666 0.696875 0.262037037037037 0.6989583333333333 0.25277777777777777 0.6973958333333333 0.22037037037037038 0.6989583333333333 0.21203703703703702 0.7067708333333333 0.19537037037037036 0.7182291666666667 0.18981481481481483
2 0.24791666666666667 0.2574074074074074 0.2515625 0.26481481481481484 0.25104166666666666 0.27037037037037037 0.246875 0.2759259259259259 0.25104166666666666 0.2916666666666667 0.24895833333333334 0.30092592592592593 0.2520833333333333 0.31574074074074077 0.25052083333333336 0.32407407407407407 0.22604166666666667 0.33240740740740743 0.20625 0.3314814814814815 0.20364583333333333 0.3138888888888889 0.2078125 0.2935185185185185 0.20885416666666667 0.2759259259259259 0.21875 0.25833333333333336 0.21875 0.24259259259259258 0.22239583333333332 0.22777777777777777 0.228125 0.22314814814814815 0.23333333333333334 0.22870370370370371 0.2375 0.24351851851851852 0.2359375 0.25462962962962965 0.24114583333333334 0.26666666666666666 0.24375 0.25833333333333336 0.24739583333333334 0.2574074074074074
2 0.24166666666666667 0.24259259259259258 0.24635416666666668 0.2490740740740741 0.25416666666666665 0.2759259259259259 0.25729166666666664 0.31851851851851853 0.253125 0.32407407407407407 0.25 0.32407407407407407 0.24739583333333334 0.3101851851851852 0.24635416666666668 0.2814814814814815 0.23645833333333333 0.2574074074074074 0.2375 0.24351851851851852 0.24114583333333334 0.24259259259259258
2 0.25052083333333336 0.010185185185185186 0.2526041666666667 0.014814814814814815 0.2515625 0.028703703703703703 0.25677083333333334 0.03611111111111111 0.25833333333333336 0.04259259259259259 0.2625 0.09074074074074075 0.26197916666666665 0.11574074074074074 0.25885416666666666 0.13518518518518519 0.2552083333333333 0.14074074074074075 0.25104166666666666 0.1388888888888889 0.24895833333333334 0.12129629629629629 0.24583333333333332 0.11203703703703703 0.24479166666666666 0.08055555555555556 0.24010416666666667 0.04722222222222222 0.240625 0.03888888888888889 0.24375 0.03333333333333333 0.24322916666666666 0.014814814814814815 0.24583333333333332 0.009259259259259259 0.25 0.010185185185185186
2 0.6223958333333334 0.2101851851851852 0.628125 0.2222222222222222 0.6286458333333333 0.23425925925925925 0.6244791666666667 0.25 0.61875 0.25833333333333336 0.61875 0.287962962962963 0.621875 0.29444444444444445 0.6333333333333333 0.30185185185185187 0.6401041666666667 0.3175925925925926 0.6348958333333333 0.3212962962962963 0.6307291666666667 0.31574074074074077 0.6265625 0.31666666666666665 0.6182291666666667 0.3527777777777778 0.6171875 0.4046296296296296 0.6119791666666666 0.45 0.6140625 0.45555555555555555 0.6223958333333334 0.462037037037037 0.6234375 0.4666666666666667 0.609375 0.4740740740740741 0.6 0.4740740740740741 0.5953125 0.4703703703703704 0.6 0.4185185185185185 0.5963541666666666 0.3814814814814815 0.5953125 0.3111111111111111 0.6015625 0.25833333333333336 0.6098958333333333 0.2462962962962963 0.6098958333333333 0.22037037037037038 0.6140625 0.2111111111111111 0.621875 0.2101851851851852
2 0.3776041666666667 0.24351851851851852 0.38385416666666666 0.24814814814814815 0.390625 0.25925925925925924 0.39427083333333335 0.2740740740740741 0.3932291666666667 0.28888888888888886 0.40625 0.3175925925925926 0.4041666666666667 0.325 0.39739583333333334 0.33240740740740743 0.38697916666666665 0.31851851851851853 0.3828125 0.31851851851851853 0.3776041666666667 0.32407407407407407 0.3765625 0.3287037037037037 0.37447916666666664 0.3212962962962963 0.36614583333333334 0.3194444444444444 0.3458333333333333 0.29259259259259257 0.353125 0.28055555555555556 0.3546875 0.26944444444444443 0.3536458333333333 0.262037037037037 0.3567708333333333 0.2537037037037037 0.36822916666666666 0.24444444444444444 0.3770833333333333 0.24351851851851852
2 0.29791666666666666 0.25462962962962965 0.3072916666666667 0.2611111111111111 0.315625 0.2722222222222222 0.3203125 0.287962962962963 0.31979166666666664 0.2972222222222222 0.34270833333333334 0.2962962962962963 0.35260416666666666 0.3037037037037037 0.3697916666666667 0.33240740740740743 0.37447916666666664 0.34814814814814815 0.38177083333333334 0.36203703703703705 0.37864583333333335 0.37592592592592594 0.3765625 0.37962962962962965 0.3729166666666667 0.37962962962962965 0.3614583333333333 0.36574074074074076 0.35625 0.35555555555555557 0.3416666666666667 0.3398148148148148 0.325 0.3435185185185185 0.30885416666666665 0.35648148148148145 0.30364583333333334 0.3685185185185185 0.2984375 0.4074074074074074 0.2942708333333333 0.4212962962962963 0.2921875 0.46296296296296297 0.28958333333333336 0.4722222222222222 0.27291666666666664 0.5018518518518519 0.24635416666666668 0.537962962962963 0.23541666666666666 0.5675925925925925 0.23541666666666666 0.5777777777777777 0.23333333333333334 0.5851851851851851 0.23958333333333334 0.5944444444444444 0.24270833333333333 0.6092592592592593 0.23645833333333333 0.6333333333333333 0.23125 0.6333333333333333 0.23229166666666667 0.6296296296296297 0.23020833333333332 0.6268518518518519 0.228125 0.6611111111111111 0.23125 0.6675925925925926 0.23697916666666666 0.6712962962962963 0.24166666666666667 0.6685185185185185 0.27239583333333334 0.6666666666666666 0.2708333333333333 0.6888888888888889 0.2708333333333333 0.7638888888888888 0.2734375 0.7759259259259259 0.27395833333333336 0.7925925925925926 0.2796875 0.8064814814814815 0.28177083333333336 0.8194444444444444 0.28541666666666665 0.825 0.29270833333333335 0.8296296296296296 0.3109375 0.8314814814814815 0.3140625 0.8342592592592593 0.31614583333333335 0.8416666666666667 0.3151041666666667 0.8555555555555555 0.3067708333333333 0.8629629629629629 0.2671875 0.8685185185185185 0.25885416666666666 0.8657407407407407 0.25364583333333335 0.8675925925925926 0.24791666666666667 0.862037037037037 0.25052083333333336 0.8398148148148148 0.25416666666666665 0.8314814814814815 0.2484375 0.8222222222222222 0.24635416666666668 0.8009259259259259 0.24739583333333334 0.7962962962962963 0.2453125 0.787962962962963 0.24583333333333332 0.7759259259259259 0.24375 0.7666666666666667 0.24479166666666666 0.7546296296296297 0.24010416666666667 0.7481481481481481 0.246875 0.7453703703703703 0.24791666666666667 0.7296296296296296 0.25 0.7305555555555555 0.2484375 0.7388888888888889 0.2515625 0.7444444444444445 0.24947916666666667 0.7472222222222222 0.25 0.7546296296296297 0.2552083333333333 0.7805555555555556 0.25729166666666664 0.7851851851851852 0.259375 0.7814814814814814 0.25833333333333336 0.7472222222222222 0.2557291666666667 0.7416666666666667 0.2552083333333333 0.7342592592592593 0.2520833333333333 0.7305555555555555 0.2546875 0.7268518518518519 0.2552083333333333 0.7175925925925926 0.24895833333333334 0.6833333333333333 0.23697916666666666 0.6824074074074075 0.23645833333333333 0.7064814814814815 0.23333333333333334 0.7138888888888889 0.22916666666666666 0.7444444444444445 0.23229166666666667 0.7583333333333333 0.23125 0.7842592592592592 0.2390625 0.8027777777777778 0.23854166666666668 0.8277777777777777 0.21302083333333333 0.8407407407407408 0.20260416666666667 0.8388888888888889 0.19895833333333332 0.8305555555555556 0.20416666666666666 0.7916666666666666 0.20520833333333333 0.7620370370370371 0.203125 0.7472222222222222 0.20729166666666668 0.7027777777777777 0.20416666666666666 0.5787037037037037 0.20729166666666668 0.5370370370370371 0.20677083333333332 0.5101851851851852 0.21666666666666667 0.44537037037037036 0.23697916666666666 0.36666666666666664 0.2515625 0.337037037037037 0.27395833333333336 0.3101851851851852 0.2682291666666667 0.30277777777777776 0.2677083333333333 0.2916666666666667 0.275 0.26944444444444443 0.2864583333333333 0.25462962962962965 0.29739583333333336 0.25462962962962965
2 0.3182291666666667 0.5805555555555556 0.321875 0.587037037037037 0.3234375 0.600925925925926 0.3229166666666667 0.6305555555555555 0.32916666666666666 0.6611111111111111 0.34010416666666665 0.6712962962962963 0.35208333333333336 0.6731481481481482 0.35520833333333335 0.6787037037037037 0.35520833333333335 0.6861111111111111 0.35208333333333336 0.6907407407407408 0.32760416666666664 0.6962962962962963 0.29739583333333336 0.6962962962962963 0.2921875 0.6916666666666667 0.29322916666666665 0.6805555555555556 0.29635416666666664 0.6712962962962963 0.30885416666666665 0.6675925925925926 0.3078125 0.6638888888888889 0.3 0.6638888888888889 0.29739583333333336 0.6537037037037037 0.2984375 0.6287037037037037 0.296875 0.6101851851851852 0.2989583333333333 0.5953703703703703 0.30364583333333334 0.5879629629629629 0.3177083333333333 0.5805555555555556
2 0.19947916666666668 0.07314814814814814 0.20625 0.07777777777777778 0.2078125 0.0824074074074074 0.2046875 0.10185185185185185 0.20677083333333332 0.11574074074074074 0.203125 0.12037037037037036 0.19479166666666667 0.1037037037037037 0.19114583333333332 0.08703703703703704 0.19166666666666668 0.07777777777777778 0.19895833333333332 0.07314814814814814
2 0.20989583333333334 0.2740740740740741 0.20833333333333334 0.24722222222222223 0.21510416666666668 0.24259259259259258 0.21875 0.25092592592592594 0.21822916666666667 0.2601851851851852 0.21302083333333333 0.2722222222222222 0.21041666666666667 0.27314814814814814
2 0.7963541666666667 0.18703703703703703 0.8020833333333334 0.19814814814814816 0.80625 0.21666666666666667 0.8067708333333333 0.22592592592592592 0.8020833333333334 0.24814814814814815 0.8020833333333334 0.25833333333333336 0.8208333333333333 0.29074074074074074 0.8276041666666667 0.31296296296296294 0.8265625 0.4111111111111111 0.8328125 0.4351851851851852 0.8354166666666667 0.45740740740740743 0.8348958333333333 0.4703703703703704 0.821875 0.525 0.8166666666666667 0.5592592592592592 0.8197916666666667 0.6222222222222222 0.8171875 0.6527777777777778 0.8177083333333334 0.6833333333333333 0.8151041666666666 0.7092592592592593 0.8166666666666667 0.7518518518518519 0.8145833333333333 0.7574074074074074 0.8078125 0.7611111111111111 0.775 0.7537037037037037 0.7640625 0.7462962962962963 0.7635416666666667 0.7407407407407407 0.7671875 0.7333333333333333 0.7755208333333333 0.7296296296296296 0.784375 0.7166666666666667 0.7802083333333333 0.7092592592592593 0.7791666666666667 0.6990740740740741 0.7828125 0.6925925925925925 0.7885416666666667 0.6907407407407408 0.7916666666666666 0.6861111111111111 0.79375 0.6370370370370371 0.7864583333333334 0.5888888888888889 0.7869791666666667 0.55 0.7838541666666666 0.5268518518518519 0.7833333333333333 0.5037037037037037 0.7807291666666667 0.4925925925925926 0.7765625 0.487962962962963 0.7765625 0.4666666666666667 0.7708333333333334 0.45555555555555555 0.7692708333333333 0.4287037037037037 0.7677083333333333 0.425 0.7583333333333333 0.42685185185185187 0.753125 0.42407407407407405 0.7447916666666666 0.4009259259259259 0.7661458333333333 0.38333333333333336 0.7682291666666666 0.3574074074074074 0.775 0.32037037037037036 0.7739583333333333 0.3138888888888889 0.7765625 0.2898148148148148 0.7677083333333333 0.2796296296296296 0.7666666666666667 0.25462962962962965 0.7609375 0.23425925925925925 0.7671875 0.20277777777777778 0.778125 0.18518518518518517 0.7901041666666667 0.18425925925925926 0.7958333333333333 0.18703703703703703
2 0.21354166666666666 0.24259259259259258 0.21770833333333334 0.24537037037037038 0.21927083333333333 0.2574074074074074 0.21354166666666666 0.26666666666666666 0.209375 0.26481481481481484 0.20833333333333334 0.2490740740740741 0.21302083333333333 0.24351851851851852
2 0.203125 0.17685185185185184 0.20729166666666668 0.17777777777777778 0.22447916666666667 0.22037037037037038 0.21666666666666667 0.24351851851851852 0.21666666666666667 0.2490740740740741 0.21458333333333332 0.24444444444444444 0.20989583333333334 0.24722222222222223 0.20729166666666668 0.24351851851851852 0.203125 0.17777777777777778
2 0.3536458333333333 0.22685185185185186 0.35625 0.2361111111111111 0.35625 0.25277777777777777 0.35260416666666666 0.2675925925925926 0.3484375 0.26296296296296295 0.3411458333333333 0.262037037037037 0.340625 0.2537037037037037 0.34739583333333335 0.22777777777777777 0.353125 0.22685185185185186