2 0.2390625 0.49907407407407406 0.478125 0.9925925925925926
2 0.3541666666666667 0.34814814814814815 0.203125 0.5907407407407408
2 0.4513020833333333 0.22314814814814815 0.0296875 0.1388888888888889
2 0.5020833333333333 0.41712962962962963 0.040625 0.12685185185185185
2 0.6505208333333333 0.4564814814814815 0.022916666666666665 0.0962962962962963
2 0.8036458333333333 0.4597222222222222 0.030208333333333334 0.15648148148148147
2 0.8296875 0.4740740740740741 0.03854166666666667 0.06666666666666667
2 0.8088541666666667 0.4537037037037037 0.38229166666666664 0.9037037037037037
2 0.91484375 0.4013888888888889 0.030729166666666665 0.1824074074074074
0 0.40130208333333334 0.11435185185185186 0.08385416666666666 0.125
0 0.5026041666666666 0.36712962962962964 0.020833333333333332 0.025
0 0.6502604166666667 0.4134259259259259 0.0109375 0.012037037037037037
0 0.8002604166666667 0.3907407407407407 0.0140625 0.018518518518518517
0 0.9234375 0.32685185185185184 0.015625 0.03518518518518519