2 0.13203125 0.4444444444444444 0.2640625 0.8870370370370371
2 0.31223958333333335 0.34120370370370373 0.19739583333333333 0.6731481481481482
2 0.3807291666666667 0.1986111111111111 0.028125 0.14907407407407408
2 0.5736979166666667 0.4337962962962963 0.0203125 0.09722222222222222
2 0.7552083333333334 0.42083333333333334 0.03333333333333333 0.12129629629629629
2 0.7864583333333334 0.42314814814814816 0.016666666666666666 0.08703703703703704
2 0.7841145833333333 0.5 0.4317708333333333 1
0 0.32864583333333336 0.062037037037037036 0.09270833333333334 0.1111111111111111
0 0.3731770833333333 0.13055555555555556 0.009895833333333333 0.014814814814814815
0 0.5713541666666667 0.3912037037037037 0.008333333333333333 0.012037037037037037
0 0.7572916666666667 0.36944444444444446 0.014583333333333334 0.018518518518518517
0 0.7908854166666667 0.3875 0.0067708333333333336 0.010185185185185186