2 0.25807291666666665 0.5 0.5161458333333333 1
2 0.7580729166666667 0.5 0.48385416666666664 1
2 0.3846354166666667 0.2773148148148148 0.22135416666666666 0.4398148148148148
2 0.3106770833333333 0.16712962962962963 0.0203125 0.14537037037037037
2 0.33307291666666666 0.12546296296296297 0.0203125 0.05092592592592592
2 0.24114583333333334 0.4078703703703704 0.029166666666666667 0.10092592592592593
2 0.5505208333333333 0.43194444444444446 0.022916666666666665 0.09722222222222222
2 0.7544270833333333 0.3976851851851852 0.0265625 0.08425925925925926
0 0.7486979166666666 0.36342592592592593 0.013020833333333334 0.021296296296296296
0 0.553125 0.3888888888888889 0.008333333333333333 0.011111111111111112
0 0.3846354166666667 0.1111111111111111 0.09427083333333333 0.10555555555555556
0 0.3098958333333333 0.1037037037037037 0.011458333333333333 0.016666666666666666
0 0.7578125 0.018518518518518517 0.035416666666666666 0.037037037037037035
0 0.246875 0.36666666666666664 0.013541666666666667 0.016666666666666666