2 0.18619791666666666 0.5 0.3723958333333333 1
2 0.30911458333333336 0.337037037037037 0.2203125 0.6370370370370371
2 0.3880208333333333 0.19953703703703704 0.036458333333333336 0.14537037037037037
2 0.6981770833333333 0.4462962962962963 0.027604166666666666 0.17037037037037037
2 0.73515625 0.44583333333333336 0.0296875 0.1712962962962963
2 0.5875 0.4361111111111111 0.023958333333333335 0.09444444444444444
2 0.79140625 0.262037037037037 0.19010416666666666 0.524074074074074
2 0.7346354166666667 0.4976851851851852 0.5307291666666667 0.9935185185185185
0 0.3372395833333333 0.015277777777777777 0.0453125 0.030555555555555555
0 0.34401041666666665 0.08935185185185185 0.0578125 0.14166666666666666
0 0.37526041666666665 0.13564814814814816 0.011979166666666667 0.017592592592592594
0 0.7166666666666667 0.03611111111111111 0.035416666666666666 0.07037037037037037
0 0.6932291666666667 0.36944444444444446 0.014583333333333334 0.018518518518518517
0 0.73359375 0.3699074074074074 0.015104166666666667 0.019444444444444445
0 0.5877604166666667 0.39490740740740743 0.008854166666666666 0.012037037037037037
0 0.5520833333333334 0.4009259259259259 0.007291666666666667 0.012962962962962963
0 0.4578125 0.3787037037037037 0.008333333333333333 0.012962962962962963