2 0.15833333333333333 0.4898148148148148 0.315625 0.9777777777777777
2 0.30911458333333336 0.3509259259259259 0.19427083333333334 0.6388888888888888
2 0.40651041666666665 0.20925925925925926 0.03177083333333333 0.1425925925925926
2 0.42526041666666664 0.4023148148148148 0.033854166666666664 0.11388888888888889
2 0.5216145833333333 0.4388888888888889 0.018229166666666668 0.09814814814814815
2 0.6041666666666666 0.44814814814814813 0.017708333333333333 0.0962962962962963
2 0.771875 0.43194444444444446 0.027083333333333334 0.11574074074074074
2 0.7903645833333334 0.4546296296296296 0.019270833333333334 0.06851851851851852
2 0.7768229166666667 0.49907407407407406 0.44635416666666666 0.9981481481481481
2 0.7802083333333333 0.2861111111111111 0.2677083333333333 0.5722222222222222
0 0.33671875 0.08981481481481482 0.08802083333333334 0.11851851851851852
0 0.39609375 0.14629629629629629 0.0109375 0.018518518518518517
0 0.4317708333333333 0.3574074074074074 0.021875 0.025925925925925925
0 0.5216145833333333 0.39490740740740743 0.008854166666666666 0.010185185185185186
0 0.6018229166666667 0.4060185185185185 0.009895833333333333 0.013888888888888888
0 0.76796875 0.38425925925925924 0.015104166666666667 0.020370370370370372