2 0.12005208333333334 0.5 0.24010416666666667 0.9962962962962963
2 0.225 0.37592592592592594 0.24895833333333334 0.6981481481481482
2 0.30859375 0.20601851851851852 0.0265625 0.11203703703703703
2 0.5091145833333334 0.4486111111111111 0.027604166666666666 0.09537037037037037
2 0.58984375 0.47129629629629627 0.059895833333333336 0.23703703703703705
2 0.65546875 0.44166666666666665 0.030729166666666665 0.13703703703703704
2 0.6713541666666667 0.49537037037037035 0.6572916666666667 0.9888888888888889
2 0.6908854166666667 0.2759259259259259 0.16822916666666668 0.55
0 0.2559895833333333 0.10555555555555556 0.09010416666666667 0.16111111111111112
0 0.1828125 0.03796296296296296 0.08854166666666667 0.07222222222222222
0 0.5861979166666667 0.36435185185185187 0.018229166666666668 0.025
0 0.6510416666666666 0.38425925925925924 0.015625 0.018518518518518517
0 0.6328125 0.01898148148148148 0.05625 0.03611111111111111