2 0.14010416666666667 0.5 0.28020833333333334 1
2 0.228125 0.34953703703703703 0.22083333333333333 0.6990740740740741
2 0.6908854166666667 0.5 0.6182291666666667 1
2 0.7557291666666667 0.3574074074074074 0.07083333333333333 0.32222222222222224
2 0.6736979166666667 0.4273148148148148 0.028645833333333332 0.1527777777777778
2 0.62109375 0.41435185185185186 0.03697916666666667 0.125
2 0.5260416666666666 0.42592592592592593 0.026041666666666668 0.09444444444444444
2 0.3658854166666667 0.4152777777777778 0.028645833333333332 0.075
2 0.296875 0.38981481481481484 0.034375 0.10555555555555556
2 0.32473958333333336 0.1884259259259259 0.0359375 0.14351851851851852
2 0.09453125 0.45740740740740743 0.07552083333333333 0.38333333333333336
0 0.265625 0.05925925925925926 0.11354166666666667 0.11851851851851852
0 0.0953125 0.2861111111111111 0.027083333333333334 0.04259259259259259
0 0.2984375 0.3476851851851852 0.020833333333333332 0.023148148148148147
0 0.6708333333333333 0.36064814814814816 0.014583333333333334 0.019444444444444445
0 0.621875 0.36203703703703705 0.014583333333333334 0.022222222222222223
0 0.6770833333333334 0.030555555555555555 0.07083333333333333 0.06111111111111111
0 0.5283854166666667 0.38333333333333336 0.008854166666666666 0.009259259259259259
0 0.36302083333333335 0.38657407407407407 0.008333333333333333 0.01574074074074074