2 0.1359375 0.500462962962963 0.271875 0.9990740740740741
2 0.23697916666666666 0.3587962962962963 0.2791666666666667 0.6842592592592592
2 0.6911458333333333 0.5009259259259259 0.6177083333333333 0.9981481481481481
2 0.7208333333333333 0.32546296296296295 0.20729166666666668 0.649074074074074
2 0.6526041666666667 0.40370370370370373 0.020833333333333332 0.08333333333333333
2 0.6651041666666667 0.39490740740740743 0.021875 0.0712962962962963
2 0.5268229166666667 0.4337962962962963 0.027604166666666666 0.09537037037037037
2 0.32317708333333334 0.19814814814814816 0.03802083333333333 0.14814814814814814
2 0.28046875 0.15 0.0296875 0.10185185185185185
0 0.24088541666666666 0.017592592592592594 0.04635416666666667 0.03333333333333333
0 0.24270833333333333 0.08564814814814815 0.051041666666666666 0.125
0 0.27630208333333334 0.10694444444444444 0.013020833333333334 0.013888888888888888
0 0.31197916666666664 0.1337962962962963 0.011458333333333333 0.021296296296296296
0 0.5265625 0.39166666666666666 0.008333333333333333 0.012962962962962963
0 0.6567708333333333 0.36944444444444446 0.013541666666666667 0.016666666666666666
0 0.66953125 0.3680555555555556 0.013020833333333334 0.017592592592592594
0 0.3958333333333333 0.3763888888888889 0.010416666666666666 0.012037037037037037