2 0.15677083333333333 0.5 0.31354166666666666 1
2 0.25703125 0.35694444444444445 0.2682291666666667 0.6472222222222223
2 0.29921875 0.13287037037037036 0.0171875 0.06388888888888888
2 0.34375 0.19537037037037036 0.035416666666666666 0.1425925925925926
2 0.5458333333333333 0.43148148148148147 0.028125 0.09814814814814815
2 0.7080729166666667 0.3055555555555556 0.2526041666666667 0.6111111111111112
2 0.70390625 0.49398148148148147 0.5921875 0.9861111111111112
2 0.6734375 0.412962962962963 0.021875 0.10925925925925926
2 0.6888020833333334 0.39305555555555555 0.0203125 0.06944444444444445
0 0.33151041666666664 0.13240740740740742 0.0109375 0.018518518518518517
0 0.2981770833333333 0.10833333333333334 0.011979166666666667 0.014814814814814815
0 0.67578125 0.3675925925925926 0.0171875 0.014814814814814815
0 0.6890625 0.3675925925925926 0.013541666666666667 0.018518518518518517
0 0.2671875 0.09953703703703703 0.046875 0.1287037037037037
0 0.54609375 0.3902777777777778 0.008854166666666666 0.010185185185185186