2 0.2526041666666667 0.49953703703703706 0.5052083333333334 0.9990740740740741
2 0.7596354166666667 0.5 0.48072916666666665 1
2 0.3809895833333333 0.337037037037037 0.20989583333333334 0.5666666666666667
0 0.38125 0.10601851851851851 0.09583333333333334 0.10648148148148148
2 0.31276041666666665 0.1648148148148148 0.021354166666666667 0.13518518518518519
0 0.31197916666666664 0.10555555555555556 0.011458333333333333 0.018518518518518517
2 0.5583333333333333 0.4300925925925926 0.01875 0.09722222222222222
0 0.5565104166666667 0.38981481481481484 0.009895833333333333 0.014814814814814815
2 0.7546875 0.4009259259259259 0.03229166666666667 0.09074074074074075
0 0.7515625 0.36435185185185187 0.013541666666666667 0.019444444444444445
2 0.78515625 0.3587962962962963 0.17239583333333333 0.3175925925925926