2 0.15703125 0.5009259259259259 0.3140625 0.9981481481481481
2 0.2635416666666667 0.3472222222222222 0.19479166666666667 0.6907407407407408
2 0.34869791666666666 0.19953703703703704 0.028645833333333332 0.13055555555555556
2 0.5479166666666667 0.43333333333333335 0.023958333333333335 0.09074074074074075
2 0.6421875 0.42314814814814816 0.035416666666666666 0.1388888888888889
2 0.69296875 0.4263888888888889 0.028645833333333332 0.14166666666666666
2 0.70390625 0.49953703703703706 0.5911458333333334 0.9972222222222222
2 0.7786458333333334 0.3050925925925926 0.13958333333333334 0.6101851851851852
0 0.29791666666666666 0.05787037037037037 0.10104166666666667 0.11574074074074074
0 0.64296875 0.362962962962963 0.0140625 0.018518518518518517
0 0.6916666666666667 0.36574074074074076 0.016666666666666666 0.018518518518518517