2 0.17083333333333334 0.5009259259259259 0.340625 0.9981481481481481
2 0.2864583333333333 0.3625 0.22604166666666667 0.6712962962962963
2 0.36223958333333334 0.19027777777777777 0.04635416666666667 0.15648148148148147
2 0.4393229166666667 0.3787037037037037 0.0109375 0.014814814814814815
2 0.56875 0.43703703703703706 0.028125 0.0962962962962963
2 0.6768229166666667 0.42962962962962964 0.025520833333333333 0.13518518518518519
2 0.71640625 0.4393518518518518 0.027604166666666666 0.15648148148148147
2 0.77734375 0.2518518518518518 0.21510416666666668 0.5018518518518519
2 0.7213541666666666 0.5 0.5572916666666666 1
0 0.6861979166666666 0.038425925925925926 0.028645833333333332 0.07685185185185185
0 0.3143229166666667 0.07083333333333333 0.058854166666666666 0.10277777777777777
0 0.3567708333333333 0.13518518518518519 0.0125 0.016666666666666666
0 0.4395833333333333 0.3787037037037037 0.010416666666666666 0.011111111111111112
0 0.5700520833333333 0.39537037037037037 0.008854166666666666 0.011111111111111112
0 0.67265625 0.37083333333333335 0.016145833333333335 0.017592592592592594
0 0.71484375 0.37222222222222223 0.015104166666666667 0.020370370370370372