2 0.11692708333333333 0.5009259259259259 0.23385416666666667 0.9981481481481481
2 0.21588541666666666 0.3662037037037037 0.2598958333333333 0.7194444444444444
2 0.30234375 0.1884259259259259 0.03177083333333333 0.11574074074074074
2 0.6630208333333333 0.3486111111111111 0.21979166666666666 0.6972222222222222
2 0.67265625 0.4949074074074074 0.6546875 0.9879629629629629
2 0.62421875 0.4486111111111111 0.033854166666666664 0.19537037037037036
2 0.6526041666666667 0.4439814814814815 0.028125 0.14537037037037037
2 0.6622395833333333 0.39305555555555555 0.0109375 0.04351851851851852
2 0.5088541666666667 0.4439814814814815 0.023958333333333335 0.09166666666666666
2 0.471875 0.4148148148148148 0.011458333333333333 0.03333333333333333
0 0.24348958333333334 0.09537037037037037 0.09947916666666666 0.16666666666666666
0 0.62890625 0.3625 0.018229166666666668 0.025
0 0.6494791666666667 0.38055555555555554 0.014583333333333334 0.018518518518518517
0 0.6609375 0.37777777777777777 0.009375 0.012962962962962963
0 0.19401041666666666 0.020370370370370372 0.04010416666666667 0.040740740740740744