2 0.07734375 0.4666666666666667 0.04739583333333333 0.21666666666666667
2 0.32109375 0.5467592592592593 0.28802083333333334 0.9064814814814814
2 0.38255208333333335 0.36712962962962964 0.12760416666666666 0.35648148148148145
2 0.5080729166666667 0.43796296296296294 0.027604166666666666 0.09074074074074075
2 0.5971354166666667 0.4444444444444444 0.030729166666666665 0.16111111111111112
2 0.640625 0.4305555555555556 0.020833333333333332 0.12777777777777777
2 0.6434895833333333 0.38657407407407407 0.2828125 0.6138888888888889
2 0.8174479166666667 0.5074074074074074 0.26927083333333335 0.9851851851851852
0 0.8208333333333333 0.12222222222222222 0.13958333333333334 0.2111111111111111
0 0.68203125 0.13935185185185187 0.1015625 0.1175925925925926
0 0.3390625 0.1476851851851852 0.11354166666666667 0.11203703703703703
0 0.3997395833333333 0.2361111111111111 0.0515625 0.09259259259259259
0 0.07213541666666666 0.37175925925925923 0.018229166666666668 0.026851851851851852
0 0.5963541666666666 0.3726851851851852 0.010416666666666666 0.01574074074074074
0 0.640625 0.37546296296296294 0.013541666666666667 0.017592592592592594
0 0.7763020833333333 0.3138888888888889 0.024479166666666666 0.03888888888888889
2 0.790625 0.3976851851851852 0.05416666666666667 0.20833333333333334