2 0.19635416666666666 0.500462962962963 0.39166666666666666 0.9990740740740741
2 0.31875 0.3476851851851852 0.21666666666666667 0.6472222222222223
0 0.35390625 0.09722222222222222 0.06614583333333333 0.1425925925925926
2 0.39895833333333336 0.19490740740740742 0.03125 0.13425925925925927
2 0.5986979166666667 0.4361111111111111 0.025520833333333333 0.09444444444444444
0 0.59765625 0.39444444444444443 0.0109375 0.011111111111111112
2 0.7127604166666667 0.42685185185185187 0.03177083333333333 0.13333333333333333
0 0.7109375 0.37083333333333335 0.014583333333333334 0.021296296296296296
2 0.7471354166666667 0.43842592592592594 0.030729166666666665 0.16018518518518518
0 0.74375 0.3699074074074074 0.017708333333333333 0.021296296296296296
2 0.80390625 0.35 0.1890625 0.7
0 0.7416666666666667 0.03518518518518519 0.0625 0.07037037037037037
2 0.7447916666666666 0.48935185185185187 0.5104166666666666 0.9787037037037037