0 0.5908854166666667 0.2013888888888889 0.0921875 0.12314814814814815
0 0.8239583333333333 0.17407407407407408 0.06770833333333333 0.07222222222222222
0 0.703125 0.21805555555555556 0.023958333333333335 0.030555555555555555
0 0.4322916666666667 0.2351851851851852 0.051041666666666666 0.06296296296296296
0 0.31744791666666666 0.2537037037037037 0.05677083333333333 0.07222222222222222
0 0.6674479166666667 0.2518518518518518 0.008854166666666666 0.012962962962962963
0 0.29661458333333335 0.22777777777777777 0.015104166666666667 0.022222222222222223
0 0.30546875 0.016666666666666666 0.0109375 0.012962962962962963
2 0.8575520833333333 0.5212962962962963 0.2046875 0.762962962962963
2 0.57265625 0.5699074074074074 0.24114583333333334 0.8564814814814815
2 0.6984375 0.35 0.053125 0.29444444444444445
2 0.41432291666666665 0.4773148148148148 0.18697916666666667 0.549074074074074
2 0.32421875 0.6032407407407407 0.2359375 0.7768518518518519
2 0.7940104166666667 0.4601851851851852 0.0640625 0.49074074074074076
2 0.6630208333333333 0.29907407407407405 0.021875 0.10740740740740741
2 0.309375 0.07731481481481481 0.027083333333333334 0.14351851851851852
2 0.41953125 0.33611111111111114 0.1765625 0.26666666666666666
2 0.31796875 0.6097222222222223 0.22239583333333332 0.7805555555555556
2 0.4205729166666667 0.3337962962962963 0.1859375 0.2601851851851852
2 0.5572916666666666 0.5699074074074074 0.2625 0.8601851851851852
2 0.8606770833333334 0.5194444444444445 0.21510416666666668 0.7648148148148148
2 0.7864583333333334 0.34814814814814815 0.051041666666666666 0.1925925925925926
2 0.7002604166666667 0.3476851851851852 0.05572916666666667 0.2916666666666667
2 0.6799479166666667 0.32175925925925924 0.0328125 0.17685185185185184
2 0.665625 0.2986111111111111 0.019791666666666666 0.10648148148148148
2 0.6484375 0.31574074074074077 0.03333333333333333 0.10925925925925926
2 0.30911458333333336 0.07962962962962963 0.0265625 0.1425925925925926
2 0.2890625 0.2611111111111111 0.03125 0.08888888888888889
2 0.27057291666666666 0.2898148148148148 0.022395833333333334 0.08333333333333333
2 0.0067708333333333336 0.33564814814814814 0.013541666666666667 0.2064814814814815
0 0.5893229166666667 0.20185185185185187 0.0921875 0.12407407407407407
0 0.8263020833333333 0.1736111111111111 0.06510416666666667 0.075
0 0.43255208333333334 0.23194444444444445 0.04739583333333333 0.05648148148148148
0 0.31588541666666664 0.2513888888888889 0.0546875 0.062037037037037036
0 0.29661458333333335 0.22824074074074074 0.015104166666666667 0.025
0 0.3059895833333333 0.01574074074074074 0.009895833333333333 0.012962962962962963
0 0.703125 0.21805555555555556 0.021875 0.030555555555555555
0 0.68828125 0.24212962962962964 0.0140625 0.01574074074074074
0 0.66875 0.25555555555555554 0.009375 0.018518518518518517
0 0.2799479166666667 0.24722222222222223 0.013020833333333334 0.014814814814814815
2 0.8609375 0.5208333333333334 0.20833333333333334 0.7638888888888888
2 0.56875 0.5699074074074074 0.28958333333333336 0.8601851851851852
2 0.3190104166666667 0.6064814814814815 0.22864583333333333 0.7814814814814814
2 0.41901041666666666 0.4787037037037037 0.19010416666666666 0.5537037037037037
2 0.7005208333333334 0.34953703703703703 0.057291666666666664 0.2935185185185185
2 0.7869791666666667 0.4976851851851852 0.051041666666666666 0.5027777777777778
2 0.6802083333333333 0.3226851851851852 0.028125 0.1787037037037037
2 0.6666666666666666 0.3023148148148148 0.016666666666666666 0.11018518518518519
2 0.6453125 0.300462962962963 0.023958333333333335 0.0787037037037037
2 0.31015625 0.07546296296296297 0.024479166666666666 0.13055555555555556
2 0.28932291666666665 0.25925925925925924 0.030729166666666665 0.08518518518518518
2 0.26901041666666664 0.29074074074074074 0.0203125 0.08518518518518518
2 0.00703125 0.35 0.0140625 0.17592592592592593
0 0.8244791666666667 0.17037037037037037 0.065625 0.06111111111111111
0 0.58984375 0.2023148148148148 0.09010416666666667 0.12314814814814815
0 0.7028645833333333 0.21712962962962962 0.021354166666666667 0.028703703703703703
0 0.6880208333333333 0.24166666666666667 0.013541666666666667 0.014814814814814815
0 0.66875 0.2550925925925926 0.007291666666666667 0.01574074074074074
0 0.653125 0.26851851851851855 0.008333333333333333 0.014814814814814815
0 0.43307291666666664 0.23425925925925925 0.0453125 0.05740740740740741
0 0.31796875 0.25324074074074077 0.0546875 0.06574074074074074
0 0.29739583333333336 0.22777777777777777 0.014583333333333334 0.024074074074074074
0 0.2796875 0.24768518518518517 0.011458333333333333 0.01574074074074074
0 0.30572916666666666 0.016203703703703703 0.009375 0.012037037037037037
0 0.39817708333333335 0.2537037037037037 0.008854166666666666 0.012962962962962963