2 0.15104166666666666 0.500462962962963 0.3020833333333333 0.9990740740740741
2 0.2669270833333333 0.3509259259259259 0.1984375 0.6962962962962963
2 0.35104166666666664 0.19537037037037036 0.027083333333333334 0.14074074074074075
2 0.7044270833333334 0.5009259259259259 0.5911458333333334 0.9981481481481481
2 0.7901041666666667 0.30324074074074076 0.121875 0.6046296296296296
2 0.69765625 0.42685185185185187 0.027604166666666666 0.1388888888888889
2 0.6453125 0.4375 0.03229166666666667 0.16574074074074074
2 0.5510416666666667 0.4300925925925926 0.026041666666666668 0.08981481481481482
0 0.30052083333333335 0.05740740740740741 0.10104166666666667 0.11296296296296296
0 0.6455729166666667 0.3625 0.011979166666666667 0.01574074074074074
0 0.6947916666666667 0.36666666666666664 0.014583333333333334 0.018518518518518517
0 0.55078125 0.3888888888888889 0.0078125 0.009259259259259259
0 0.4234375 0.37407407407407406 0.011458333333333333 0.012962962962962963