2 0.1328125 0.49537037037037035 0.2635416666666667 0.987037037037037
2 0.21302083333333333 0.3824074074074074 0.26979166666666665 0.6981481481481482
2 0.32760416666666664 0.22407407407407406 0.025 0.13148148148148148
2 0.6825520833333333 0.500462962962963 0.6348958333333333 0.9990740740740741
2 0.7252604166666666 0.30972222222222223 0.1796875 0.6138888888888889
2 0.66953125 0.4476851851851852 0.028645833333333332 0.1361111111111111
2 0.68984375 0.4388888888888889 0.022395833333333334 0.11666666666666667
2 0.5651041666666666 0.4583333333333333 0.046875 0.2074074074074074
2 0.5247395833333334 0.45416666666666666 0.0265625 0.09351851851851851
0 0.5640625 0.3662037037037037 0.017708333333333333 0.023148148148148147
0 0.6677083333333333 0.38935185185185184 0.013541666666666667 0.017592592592592594
0 0.6911458333333333 0.38981481481481484 0.010416666666666666 0.016666666666666666
0 0.5231770833333333 0.4125 0.0140625 0.013888888888888888
0 0.27890625 0.11805555555555555 0.09114583333333333 0.1712962962962963
0 0.6635416666666667 0.018055555555555554 0.04583333333333333 0.03425925925925926
0 0.19739583333333333 0.037037037037037035 0.125 0.07407407407407407