2 0.15 0.5 0.3 1
2 0.25078125 0.3453703703703704 0.21822916666666667 0.6907407407407408
2 0.14661458333333333 0.3662037037037037 0.05260416666666667 0.18055555555555555
2 0.34348958333333335 0.1935185185185185 0.034895833333333334 0.1537037037037037
2 0.7036458333333333 0.5009259259259259 0.5927083333333333 0.9981481481481481
2 0.63984375 0.4148148148148148 0.030729166666666665 0.12962962962962962
2 0.6921875 0.42685185185185187 0.027083333333333334 0.15
2 0.54609375 0.42685185185185187 0.0296875 0.0962962962962963
2 0.38645833333333335 0.412962962962963 0.023958333333333335 0.07777777777777778
0 0.70234375 0.06388888888888888 0.1171875 0.12777777777777777
0 0.28411458333333334 0.049074074074074076 0.10677083333333333 0.09814814814814815
0 0.33203125 0.1259259259259259 0.009895833333333333 0.014814814814814815
0 0.15859375 0.29444444444444445 0.027604166666666666 0.037037037037037035
0 0.640625 0.3574074074074074 0.013541666666666667 0.014814814814814815
0 0.6893229166666667 0.3611111111111111 0.0140625 0.018518518518518517
0 0.5466145833333333 0.3851851851851852 0.0078125 0.011111111111111112