2 0.25078125 0.5356481481481481 0.39114583333333336 0.9287037037037037
2 0.4080729166666667 0.34953703703703703 0.26510416666666664 0.33796296296296297
2 0.65078125 0.5393518518518519 0.25677083333333334 0.9212962962962963
2 0.8315104166666667 0.5189814814814815 0.26927083333333335 0.962037037037037
2 0.9252604166666667 0.25416666666666665 0.07447916666666667 0.2212962962962963
2 0.6380208333333334 0.33611111111111114 0.03229166666666667 0.09074074074074075
2 0.2864583333333333 0.10185185185185185 0.027083333333333334 0.14814814814814814
2 0.25104166666666666 0.059722222222222225 0.023958333333333335 0.0712962962962963
2 0.29296875 0.2712962962962963 0.024479166666666666 0.040740740740740744
0 0.22005208333333334 0.13703703703703704 0.12239583333333333 0.1259259259259259
0 0.40703125 0.22268518518518518 0.0609375 0.08611111111111111
0 0.6833333333333333 0.14074074074074075 0.09895833333333333 0.12777777777777777
0 0.8481770833333333 0.12546296296296297 0.15260416666666668 0.17314814814814813
0 0.9158854166666667 0.18518518518518517 0.0453125 0.08148148148148149
0 0.2916666666666667 0.2638888888888889 0.015625 0.024074074074074074
0 0.2828125 0.03564814814814815 0.010416666666666666 0.013888888888888888
0 0.24973958333333332 0.03194444444444444 0.011979166666666667 0.01574074074074074
0 0.6473958333333333 0.2967592592592593 0.011458333333333333 0.013888888888888888