2 0.14192708333333334 0.500462962962963 0.2838541666666667 0.9990740740740741
2 0.23125 0.35648148148148145 0.20833333333333334 0.7092592592592593
0 0.27578125 0.07037037037037037 0.1015625 0.1388888888888889
2 0.6919270833333333 0.500462962962963 0.6161458333333333 0.9990740740740741
0 0.6880208333333333 0.013425925925925926 0.06145833333333333 0.026851851851851852
2 0.32838541666666665 0.19583333333333333 0.028645833333333332 0.1398148148148148
2 0.6223958333333334 0.4166666666666667 0.030208333333333334 0.11851851851851852
0 0.6200520833333333 0.3662037037037037 0.015104166666666667 0.017592592592592594
2 0.6731770833333334 0.40694444444444444 0.0265625 0.09351851851851851
0 0.6700520833333333 0.37037037037037035 0.015104166666666667 0.018518518518518517
2 0.525 0.4356481481481482 0.030208333333333334 0.09351851851851851
0 0.5268229166666667 0.3939814814814815 0.008854166666666666 0.010185185185185186
2 0.7260416666666667 0.41064814814814815 0.0125 0.03981481481481482
2 0.7510416666666667 0.42314814814814816 0.10208333333333333 0.4462962962962963
0 0.24557291666666667 0.017592592592592594 0.0390625 0.03333333333333333
2 0.36822916666666666 0.42962962962962964 0.023958333333333335 0.06481481481481481
0 0.3984375 0.37592592592592594 0.010416666666666666 0.012962962962962963