2 0.3606770833333333 0.55 0.3265625 0.9
2 0.02421875 0.3939814814814815 0.04635416666666667 0.18796296296296297
2 0.3997395833333333 0.5425925925925926 0.12760416666666666 0.7185185185185186
2 0.453125 0.45694444444444443 0.078125 0.46574074074074073
2 0.48802083333333335 0.3888888888888889 0.053125 0.3907407407407407
2 0.6864583333333333 0.5375 0.25 0.925
2 0.6828125 0.31712962962962965 0.08125 0.2175925925925926
2 0.9052083333333333 0.5166666666666667 0.09166666666666666 0.5722222222222222
1 0.7078125 0.23935185185185184 0.041666666666666664 0.0712962962962963
1 0.69453125 0.3148148148148148 0.0296875 0.05
1 0.9145833333333333 0.3162037037037037 0.023958333333333335 0.049074074074074076
1 0.3171875 0.2800925925925926 0.04479166666666667 0.08425925925925926
1 0.40625 0.30277777777777776 0.042708333333333334 0.07037037037037037
1 0.44244791666666666 0.3162037037037037 0.030729166666666665 0.04722222222222222