2 0.3763020833333333 0.5453703703703704 0.29010416666666666 0.9055555555555556
2 0.675 0.5347222222222222 0.2875 0.9287037037037037
2 0.9083333333333333 0.5185185185185185 0.08958333333333333 0.5740740740740741
2 0.4109375 0.5675925925925925 0.12395833333333334 0.7870370370370371
2 0.4713541666666667 0.4537037037037037 0.10625 0.45925925925925926
2 0.5119791666666667 0.4101851851851852 0.07291666666666667 0.36666666666666664
2 0.6838541666666667 0.3296296296296296 0.06979166666666667 0.1814814814814815
1 0.32916666666666666 0.26435185185185184 0.04583333333333333 0.08611111111111111
1 0.40625 0.300462962962963 0.040625 0.06759259259259259
1 0.46328125 0.31527777777777777 0.0328125 0.04351851851851852
1 0.7096354166666666 0.24027777777777778 0.04114583333333333 0.075
1 0.7166666666666667 0.30462962962962964 0.026041666666666668 0.040740740740740744
1 0.9151041666666667 0.31296296296296294 0.025 0.04259259259259259