2 0.35052083333333334 0.5458333333333333 0.25625 0.9083333333333333
2 0.40651041666666665 0.44907407407407407 0.13697916666666668 0.5351851851851852
2 0.45807291666666666 0.4810185185185185 0.08489583333333334 0.4675925925925926
2 0.6911458333333333 0.5314814814814814 0.23020833333333332 0.937037037037037
2 0.93125 0.5273148148148148 0.11145833333333334 0.5731481481481482
2 0.022395833333333334 0.412962962962963 0.04375 0.18333333333333332
1 0.33958333333333335 0.287962962962963 0.059375 0.08148148148148149
1 0.4015625 0.30185185185185187 0.04375 0.06851851851851852
1 0.46328125 0.3402777777777778 0.030729166666666665 0.041666666666666664
1 0.6716145833333333 0.23472222222222222 0.0390625 0.08055555555555556
1 0.9184895833333333 0.30185185185185187 0.025520833333333333 0.046296296296296294