2 0.04765625 0.4 0.06510416666666667 0.1925925925925926
2 0.2786458333333333 0.5402777777777777 0.19270833333333334 0.9194444444444444
2 0.40859375 0.5685185185185185 0.1515625 0.7851851851851852
2 0.5130208333333334 0.425 0.11354166666666667 0.35
2 0.7119791666666667 0.5356481481481481 0.265625 0.9287037037037037
2 0.9424479166666667 0.5222222222222223 0.11510416666666666 0.5833333333333334
2 0.8505208333333333 0.3736111111111111 0.07291666666666667 0.2972222222222222
2 0.6989583333333333 0.37407407407407406 0.04583333333333333 0.2574074074074074
1 0.9442708333333333 0.30694444444444446 0.03125 0.049074074074074076
1 0.7114583333333333 0.2462962962962963 0.034375 0.06666666666666667
1 0.4171875 0.29814814814814816 0.04791666666666667 0.06851851851851852
1 0.28854166666666664 0.2796296296296296 0.071875 0.09444444444444444
1 0.03802083333333333 0.36527777777777776 0.022916666666666665 0.03796296296296296