2 0.36015625 0.5518518518518518 0.32135416666666666 0.8962962962962963
2 0.40338541666666666 0.5652777777777778 0.14010416666666667 0.7712962962962963
2 0.4557291666666667 0.45555555555555555 0.06041666666666667 0.47962962962962963
2 0.48880208333333336 0.287962962962963 0.04739583333333333 0.17962962962962964
2 0.6736979166666667 0.5370370370370371 0.2890625 0.9259259259259259
2 0.9109375 0.524537037037037 0.08541666666666667 0.5675925925925925
2 0.6986979166666667 0.30092592592592593 0.05572916666666667 0.18333333333333332
2 0.6802083333333333 0.3175925925925926 0.04895833333333333 0.14814814814814814
1 0.30833333333333335 0.27824074074074073 0.041666666666666664 0.08055555555555556
1 0.4075520833333333 0.30416666666666664 0.05260416666666667 0.06944444444444445
1 0.4622395833333333 0.31342592592592594 0.0296875 0.04351851851851852
1 0.7083333333333334 0.24074074074074073 0.040625 0.07407407407407407
1 0.709375 0.30416666666666664 0.03333333333333333 0.05462962962962963
1 0.9283854166666666 0.31805555555555554 0.030729166666666665 0.03981481481481482