2 0.3966145833333333 0.5458333333333333 0.3859375 0.9083333333333333
2 0.6927083333333334 0.5324074074074074 0.24270833333333333 0.9351851851851852
2 0.92109375 0.5226851851851851 0.1203125 0.5824074074074074
2 0.42083333333333334 0.5430555555555555 0.10520833333333333 0.7175925925925926
2 0.4591145833333333 0.4601851851851852 0.0703125 0.4444444444444444
2 0.6369791666666667 0.32731481481481484 0.08229166666666667 0.2101851851851852
2 0.6776041666666667 0.3449074074074074 0.04791666666666667 0.18981481481481483
1 0.35182291666666665 0.3074074074074074 0.06302083333333333 0.07407407407407407
1 0.40677083333333336 0.30648148148148147 0.0375 0.06666666666666667
1 0.6903645833333333 0.23333333333333334 0.04635416666666667 0.07962962962962963
1 0.9161458333333333 0.30787037037037035 0.028125 0.04351851851851852