2 0.31953125 0.5435185185185185 0.28802083333333334 0.912962962962963
2 0.058333333333333334 0.3976851851851852 0.0625 0.2064814814814815
2 0.41171875 0.5712962962962963 0.14739583333333334 0.7814814814814814
2 0.49505208333333334 0.4166666666666667 0.08385416666666666 0.37962962962962965
2 0.721875 0.575925925925926 0.2604166666666667 0.8481481481481481
2 0.9510416666666667 0.5231481481481481 0.09791666666666667 0.5833333333333334
2 0.8596354166666667 0.3819444444444444 0.09114583333333333 0.2972222222222222
2 0.7447916666666666 0.2222222222222222 0.04583333333333333 0.06851851851851852
1 0.28958333333333336 0.29814814814814816 0.065625 0.08703703703703704
1 0.4265625 0.29907407407407405 0.046875 0.07037037037037037
1 0.69375 0.3226851851851852 0.04791666666666667 0.06574074074074074
1 0.9583333333333334 0.33564814814814814 0.025 0.05462962962962963
1 0.8494791666666667 0.30694444444444446 0.022916666666666665 0.04351851851851852