2 0.32135416666666666 0.5611111111111111 0.315625 0.8777777777777778
2 0.4283854166666667 0.5875 0.17239583333333333 0.825
2 0.7333333333333333 0.5430555555555555 0.275 0.9120370370370371
2 0.9546875 0.5273148148148148 0.0875 0.5805555555555556
2 0.678125 0.43657407407407406 0.08020833333333334 0.4527777777777778
2 0.5299479166666666 0.4162037037037037 0.09427083333333333 0.3787037037037037
2 0.47265625 0.29212962962962963 0.022395833333333334 0.10092592592592593
2 0.04895833333333333 0.3990740740740741 0.05416666666666667 0.17962962962962964
2 0.7184895833333333 0.4912037037037037 0.0453125 0.48055555555555557
1 0.2984375 0.33055555555555555 0.06145833333333333 0.07407407407407407
1 0.4453125 0.2967592592592593 0.04375 0.06944444444444445
1 0.728125 0.2518518518518518 0.022916666666666665 0.05555555555555555
1 0.97421875 0.3296296296296296 0.024479166666666666 0.040740740740740744