2 0.36875 0.5476851851851852 0.3072916666666667 0.9046296296296297
2 0.39817708333333335 0.5356481481481481 0.1390625 0.712037037037037
2 0.4674479166666667 0.4527777777777778 0.10677083333333333 0.46296296296296297
2 0.5119791666666667 0.38101851851851853 0.06458333333333334 0.33796296296296297
2 0.6729166666666667 0.5342592592592592 0.29270833333333335 0.9314814814814815
2 0.90625 0.5208333333333334 0.09479166666666666 0.5768518518518518
1 0.32786458333333335 0.2675925925925926 0.04114583333333333 0.08518518518518518
1 0.4083333333333333 0.3037037037037037 0.05 0.07407407407407407
1 0.46015625 0.31296296296296294 0.0328125 0.053703703703703705
1 0.7088541666666667 0.2388888888888889 0.040625 0.07592592592592592
1 0.9171875 0.3125 0.025 0.03981481481481482