2 0.91875 0.5259259259259259 0.13854166666666667 0.5851851851851851
2 0.7018229166666666 0.2902777777777778 0.0703125 0.19537037037037036
2 0.6841145833333333 0.5263888888888889 0.3046875 0.9472222222222222
2 0.3828125 0.5504629629629629 0.396875 0.899074074074074
2 0.40989583333333335 0.3074074074074074 0.065625 0.24074074074074073
2 0.4453125 0.3592592592592593 0.06979166666666667 0.2796296296296296
1 0.35703125 0.31203703703703706 0.06197916666666667 0.07962962962962963
1 0.4044270833333333 0.30277777777777776 0.0390625 0.06296296296296296
1 0.7221354166666667 0.2351851851851852 0.033854166666666664 0.07592592592592592
1 0.7057291666666666 0.28425925925925927 0.034375 0.06296296296296296
1 0.8856770833333333 0.3050925925925926 0.030729166666666665 0.04537037037037037