2 0.3375 0.5518518518518518 0.31354166666666666 0.8962962962962963
2 0.4153645833333333 0.5361111111111111 0.11197916666666667 0.7166666666666667
2 0.4705729166666667 0.43194444444444446 0.08697916666666666 0.42685185185185187
2 0.5286458333333334 0.2662037037037037 0.04375 0.09907407407407408
2 0.6497395833333334 0.5236111111111111 0.2359375 0.9527777777777777
2 0.7348958333333333 0.39814814814814814 0.09166666666666666 0.4388888888888889
2 0.9205729166666666 0.5212962962962963 0.12552083333333333 0.587037037037037
1 0.35130208333333335 0.30185185185185187 0.0609375 0.07592592592592592
1 0.4078125 0.2953703703703704 0.04375 0.06851851851851852
1 0.48411458333333335 0.31805555555555554 0.034895833333333334 0.04722222222222222
1 0.5921875 0.2412037037037037 0.034375 0.062037037037037036
1 0.90234375 0.30787037037037035 0.024479166666666666 0.041666666666666664