2 0.6731770833333334 0.5347222222222222 0.2859375 0.9305555555555556
2 0.37734375 0.549537037037037 0.2859375 0.9009259259259259
2 0.4153645833333333 0.4587962962962963 0.1171875 0.5564814814814815
2 0.46145833333333336 0.33611111111111114 0.06875 0.25
2 0.5002604166666667 0.3976851851851852 0.0703125 0.3787037037037037
2 0.9377604166666667 0.5259259259259259 0.12447916666666667 0.5666666666666667
1 0.3390625 0.28379629629629627 0.04791666666666667 0.08055555555555556
1 0.40963541666666664 0.2962962962962963 0.044270833333333336 0.06666666666666667
1 0.44765625 0.3060185185185185 0.034895833333333334 0.04537037037037037
1 0.6638020833333333 0.24259259259259258 0.0421875 0.08148148148148149
1 0.9588541666666667 0.32037037037037036 0.015625 0.03333333333333333