2 0.3966145833333333 0.5481481481481482 0.31927083333333334 0.9037037037037037
2 0.4158854166666667 0.43148148148148147 0.1234375 0.5111111111111111
2 0.46432291666666664 0.34074074074074073 0.08072916666666667 0.26481481481481484
2 0.49895833333333334 0.29212962962962963 0.06354166666666666 0.1712962962962963
2 0.6973958333333333 0.5347222222222222 0.2520833333333333 0.9305555555555556
2 0.9361979166666666 0.5291666666666667 0.12760416666666666 0.5787037037037037
1 0.33619791666666665 0.2763888888888889 0.05677083333333333 0.08611111111111111
1 0.41119791666666666 0.29814814814814816 0.043229166666666666 0.06851851851851852
1 0.4549479166666667 0.30462962962962964 0.028645833333333332 0.044444444444444446
1 0.69140625 0.24444444444444444 0.058854166666666666 0.08333333333333333
1 0.9559895833333333 0.3175925925925926 0.0171875 0.027777777777777776