2 0.02890625 0.4046296296296296 0.0546875 0.19444444444444445
2 0.34453125 0.5467592592592593 0.2765625 0.8935185185185185
2 0.40260416666666665 0.42962962962962964 0.11979166666666667 0.5
2 0.46015625 0.47685185185185186 0.0859375 0.44074074074074077
2 0.5015625 0.38472222222222224 0.059375 0.3453703703703704
2 0.6716145833333333 0.5337962962962963 0.2734375 0.9324074074074075
2 0.9286458333333333 0.5268518518518519 0.11145833333333334 0.5833333333333334
1 0.9059895833333333 0.3 0.03177083333333333 0.04814814814814815
1 0.6677083333333333 0.23564814814814813 0.0375 0.08055555555555556
1 0.40260416666666665 0.300462962962963 0.041666666666666664 0.06944444444444445
1 0.46536458333333336 0.33194444444444443 0.027604166666666666 0.041666666666666664
1 0.32760416666666664 0.28888888888888886 0.06145833333333333 0.08333333333333333
1 0.008333333333333333 0.37824074074074077 0.015625 0.028703703703703703