2 0.3229166666666667 0.5592592592592592 0.31979166666666664 0.8814814814814815
2 0.7276041666666667 0.5458333333333333 0.259375 0.9083333333333333
2 0.42265625 0.587037037037037 0.1703125 0.825925925925926
2 0.4895833333333333 0.4837962962962963 0.071875 0.5083333333333333
2 0.5270833333333333 0.3263888888888889 0.06770833333333333 0.24351851851851852
2 0.6744791666666666 0.34074074074074073 0.09895833333333333 0.2537037037037037
2 0.7122395833333334 0.33425925925925926 0.06927083333333334 0.26296296296296295
2 0.9575520833333333 0.5287037037037037 0.08489583333333334 0.5777777777777777
2 0.054427083333333334 0.4050925925925926 0.07552083333333333 0.18796296296296297
1 0.3111979166666667 0.32592592592592595 0.058854166666666666 0.07592592592592592
1 0.44166666666666665 0.2935185185185185 0.05 0.07037037037037037
1 0.48359375 0.32314814814814813 0.03177083333333333 0.044444444444444446
1 0.7083333333333334 0.31342592592592594 0.03958333333333333 0.05648148148148148
1 0.7192708333333333 0.2601851851851852 0.019791666666666666 0.06481481481481481
1 0.9716145833333333 0.33240740740740743 0.024479166666666666 0.037037037037037035