2 0.9067708333333333 0.5194444444444445 0.11145833333333334 0.562962962962963
2 0.6765625 0.5439814814814815 0.25416666666666665 0.9120370370370371
2 0.6627604166666666 0.32731481481481484 0.08489583333333334 0.19537037037037036
2 0.346875 0.5324074074074074 0.321875 0.9351851851851852
2 0.4075520833333333 0.5435185185185185 0.11927083333333334 0.7277777777777777
2 0.4703125 0.4615740740740741 0.08333333333333333 0.3453703703703704
2 0.48411458333333335 0.2712962962962963 0.04114583333333333 0.09259259259259259
2 0.030208333333333334 0.3990740740740741 0.04895833333333333 0.18703703703703703
1 0.31614583333333335 0.27361111111111114 0.071875 0.09537037037037037
1 0.39739583333333334 0.30092592592592593 0.042708333333333334 0.06851851851851852
1 0.6888020833333334 0.2337962962962963 0.050520833333333334 0.08796296296296297
1 0.8997395833333334 0.30925925925925923 0.025520833333333333 0.046296296296296294