2 0.9096354166666667 0.1587962962962963 0.1328125 0.31574074074074077
2 0.6661458333333333 0.5944444444444444 0.3302083333333333 0.6666666666666666
2 0.57578125 0.29953703703703705 0.17552083333333332 0.38425925925925924
2 0.4466145833333333 0.32407407407407407 0.16510416666666666 0.45925925925925926
2 0.2578125 0.41898148148148145 0.23645833333333333 0.4787037037037037
2 0.11432291666666666 0.4476851851851852 0.14427083333333332 0.6064814814814815
2 0.13229166666666667 0.17175925925925925 0.09583333333333334 0.2101851851851852
0 0.15859375 0.11712962962962963 0.0328125 0.07685185185185185
0 0.13125 0.18055555555555555 0.07083333333333333 0.07037037037037037
0 0.20885416666666667 0.26296296296296295 0.1 0.1685185185185185
0 0.4908854166666667 0.14305555555555555 0.07552083333333333 0.09722222222222222
0 0.6080729166666666 0.15046296296296297 0.0609375 0.08796296296296297
0 0.7239583333333334 0.34675925925925927 0.10729166666666666 0.17314814814814813
1 0.12838541666666667 0.24953703703703703 0.05572916666666667 0.05648148148148148