2 0.12421875 0.14953703703703702 0.09739583333333333 0.2953703703703704
2 0.2872395833333333 0.3125 0.1328125 0.32685185185185184
2 0.2752604166666667 0.5472222222222223 0.23072916666666668 0.22962962962962963
2 0.44479166666666664 0.35185185185185186 0.15729166666666666 0.48333333333333334
2 0.5895833333333333 0.34629629629629627 0.18020833333333333 0.3055555555555556
2 0.6536458333333334 0.6083333333333333 0.32708333333333334 0.6462962962962963
2 0.87734375 0.1675925925925926 0.14114583333333333 0.3351851851851852
0 0.6989583333333333 0.36527777777777776 0.109375 0.15833333333333333
0 0.6510416666666666 0.23981481481481481 0.057291666666666664 0.09074074074074075
0 0.4830729166666667 0.15833333333333333 0.0765625 0.09444444444444444
0 0.253125 0.2037037037037037 0.06354166666666666 0.10740740740740741
0 0.20989583333333334 0.5143518518518518 0.09791666666666667 0.1361111111111111