2 0.09114583333333333 0.6180555555555556 0.14583333333333334 0.7638888888888888
2 0.265625 0.6134259259259259 0.18229166666666666 0.7731481481481481
2 0.3424479166666667 0.6157407407407407 0.1328125 0.7685185185185185
2 0.4095052083333333 0.6423611111111112 0.06640625 0.7152777777777778
2 0.4778645833333333 0.5844907407407407 0.15104166666666666 0.8310185185185185
2 0.56640625 0.6284722222222222 0.06510416666666667 0.7430555555555556
2 0.6256510416666666 0.6099537037037037 0.16015625 0.7800925925925926
2 0.8333333333333334 0.5821759259259259 0.23958333333333334 0.8356481481481481
0 0.07942708333333333 0.2835648148148148 0.0703125 0.08564814814814815
0 0.244140625 0.27546296296296297 0.10286458333333333 0.10185185185185185
0 0.341796875 0.28125 0.08984375 0.09953703703703703
0 0.4134114583333333 0.31828703703703703 0.05859375 0.07175925925925926
0 0.4798177083333333 0.21296296296296297 0.07942708333333333 0.08333333333333333
0 0.5735677083333334 0.2986111111111111 0.04296875 0.0787037037037037
0 0.6236979166666666 0.2638888888888889 0.0703125 0.08796296296296297
0 0.853515625 0.23726851851851852 0.10286458333333333 0.15046296296296297
1 0.08854166666666667 0.3576388888888889 0.049479166666666664 0.0625
1 0.2565104166666667 0.3773148148148148 0.059895833333333336 0.08333333333333333
1 0.34765625 0.3726851851851852 0.046875 0.06481481481481481
1 0.4095052083333333 0.3680555555555556 0.024739583333333332 0.032407407407407406
1 0.4895833333333333 0.3113425925925926 0.046875 0.0763888888888889
1 0.5813802083333334 0.36574074074074076 0.024739583333333332 0.06018518518518518
1 0.62109375 0.3460648148148148 0.044270833333333336 0.0625
1 0.828125 0.32523148148148145 0.033854166666666664 0.1087962962962963