2 0.09765625 0.6099537037037037 0.13802083333333334 0.7800925925925926
2 0.18815104166666666 0.5092592592592593 0.06640625 0.47685185185185186
2 0.2584635416666667 0.5983796296296297 0.16796875 0.8032407407407407
2 0.3548177083333333 0.6064814814814815 0.14192708333333334 0.7870370370370371
2 0.41015625 0.34375 0.07552083333333333 0.16898148148148148
2 0.4752604166666667 0.5729166666666666 0.15625 0.8541666666666666
2 0.5611979166666666 0.6145833333333334 0.08072916666666667 0.7708333333333334
2 0.6321614583333334 0.59375 0.16536458333333334 0.8125
2 0.828125 0.5659722222222222 0.234375 0.8680555555555556
2 0.966796875 0.5509259259259259 0.06640625 0.2777777777777778
0 0.8470052083333334 0.21296296296296297 0.09765625 0.1574074074074074
0 0.6276041666666666 0.22800925925925927 0.06770833333333333 0.0763888888888889
0 0.576171875 0.26851851851851855 0.048177083333333336 0.0787037037037037
0 0.4720052083333333 0.1909722222222222 0.07682291666666667 0.09490740740740741
0 0.4166666666666667 0.29976851851851855 0.0625 0.08564814814814815
0 0.3450520833333333 0.25925925925925924 0.09114583333333333 0.10648148148148148
0 0.24869791666666666 0.2534722222222222 0.10416666666666667 0.1087962962962963
0 0.19270833333333334 0.3136574074074074 0.020833333333333332 0.09953703703703703
0 0.08723958333333333 0.27314814814814814 0.06770833333333333 0.10648148148148148
1 0.2584635416666667 0.3541666666666667 0.05859375 0.08333333333333333
1 0.3489583333333333 0.34953703703703703 0.0546875 0.06481481481481481
1 0.482421875 0.28587962962962965 0.04296875 0.0763888888888889
1 0.5826822916666666 0.33449074074074076 0.040364583333333336 0.05787037037037037
1 0.6302083333333334 0.3101851851851852 0.041666666666666664 0.06944444444444445
1 0.099609375 0.33217592592592593 0.045572916666666664 0.0625