2 0.07291666666666667 0.5902777777777778 0.14322916666666666 0.8148148148148148
2 0.224609375 0.5798611111111112 0.17057291666666666 0.8402777777777778
2 0.3235677083333333 0.5856481481481481 0.14453125 0.8287037037037037
2 0.4537760416666667 0.5532407407407407 0.14973958333333334 0.8888888888888888
2 0.3873697916666667 0.4976851851851852 0.06380208333333333 0.5416666666666666
2 0.5970052083333334 0.5810185185185185 0.16796875 0.8379629629629629
2 0.53125 0.5995370370370371 0.06770833333333333 0.7638888888888888
2 0.759765625 0.5555555555555556 0.35546875 0.8888888888888888
2 0.95703125 0.5127314814814815 0.0859375 0.2523148148148148
0 0.8255208333333334 0.1712962962962963 0.09375 0.125
0 0.58203125 0.2048611111111111 0.07291666666666667 0.09027777777777778
0 0.544921875 0.23842592592592593 0.02734375 0.06944444444444445
0 0.451171875 0.15856481481481483 0.08203125 0.09953703703703703
0 0.21419270833333334 0.22569444444444445 0.10286458333333333 0.13194444444444445
0 0.31640625 0.2199074074074074 0.08072916666666667 0.09259259259259259
0 0.3860677083333333 0.2662037037037037 0.05859375 0.0787037037037037
0 0.0625 0.24074074074074073 0.06770833333333333 0.11574074074074074
1 0.076171875 0.2986111111111111 0.040364583333333336 0.06018518518518518
1 0.23046875 0.32060185185185186 0.046875 0.08101851851851852
1 0.3294270833333333 0.3159722222222222 0.044270833333333336 0.0625
1 0.38671875 0.3113425925925926 0.028645833333333332 0.03935185185185185
1 0.4635416666666667 0.2534722222222222 0.044270833333333336 0.07175925925925926
1 0.587890625 0.2777777777777778 0.04296875 0.06944444444444445
1 0.5533854166666666 0.3090277777777778 0.028645833333333332 0.05324074074074074