2 0.09765625 0.6099537037037037 0.15104166666666666 0.7800925925925926
2 0.18359375 0.42939814814814814 0.07552083333333333 0.30324074074074076
2 0.255859375 0.5995370370370371 0.17057291666666666 0.8009259259259259
2 0.3522135416666667 0.6030092592592593 0.13932291666666666 0.7939814814814815
2 0.4127604166666667 0.37037037037037035 0.07291666666666667 0.22685185185185186
2 0.4817708333333333 0.5694444444444444 0.1640625 0.8611111111111112
2 0.6315104166666666 0.59375 0.171875 0.8125
2 0.5768229166666666 0.32060185185185186 0.06510416666666667 0.16898148148148148
2 0.8391927083333334 0.5659722222222222 0.21223958333333334 0.8680555555555556
2 0.9641927083333334 0.4861111111111111 0.07161458333333333 0.13425925925925927
0 0.08463541666666667 0.2708333333333333 0.06770833333333333 0.09722222222222222
0 0.20247395833333334 0.32060185185185186 0.037760416666666664 0.09027777777777778
0 0.24739583333333334 0.2569444444444444 0.10416666666666667 0.10648148148148148
0 0.3483072916666667 0.2638888888888889 0.08984375 0.10648148148148148
0 0.4186197916666667 0.29976851851851855 0.05859375 0.0763888888888889
0 0.4765625 0.19560185185185186 0.07291666666666667 0.09953703703703703
0 0.58203125 0.26851851851851855 0.041666666666666664 0.07407407407407407
0 0.6282552083333334 0.23032407407407407 0.06640625 0.08101851851851852
0 0.8444010416666666 0.2152777777777778 0.09505208333333333 0.1574074074074074
1 0.09765625 0.3287037037037037 0.046875 0.07407407407407407
1 0.25390625 0.35185185185185186 0.06770833333333333 0.08796296296296297
1 0.353515625 0.35185185185185186 0.05078125 0.06944444444444445
1 0.4869791666666667 0.28935185185185186 0.049479166666666664 0.07407407407407407
1 0.5859375 0.33564814814814814 0.041666666666666664 0.06481481481481481
1 0.62890625 0.3125 0.046875 0.07407407407407407