2 0.06640625 0.5972222222222222 0.13020833333333334 0.8055555555555556
2 0.21744791666666666 0.5891203703703703 0.15364583333333334 0.8217592592592593
2 0.3326822916666667 0.5925925925925926 0.16796875 0.8148148148148148
2 0.4466145833333333 0.5625 0.1484375 0.875
2 0.37890625 0.2916666666666667 0.059895833333333336 0.10185185185185185
2 0.5305989583333334 0.6111111111111112 0.07942708333333333 0.7777777777777778
2 0.5904947916666666 0.5879629629629629 0.15494791666666666 0.8240740740740741
2 0.7591145833333334 0.5601851851851852 0.2942708333333333 0.8796296296296297
0 0.057291666666666664 0.24537037037037038 0.07291666666666667 0.10648148148148148
0 0.20703125 0.22916666666666666 0.09114583333333333 0.10185185185185185
0 0.31640625 0.2337962962962963 0.08333333333333333 0.09722222222222222
0 0.3802083333333333 0.27199074074074076 0.0546875 0.07175925925925926
0 0.4466145833333333 0.16319444444444445 0.07552083333333333 0.0763888888888889
0 0.5455729166666666 0.2488425925925926 0.0390625 0.0625
0 0.5885416666666666 0.2199074074074074 0.06770833333333333 0.08333333333333333
0 0.814453125 0.19907407407407407 0.10286458333333333 0.1712962962962963
1 0.064453125 0.3159722222222222 0.053385416666666664 0.0763888888888889
1 0.22981770833333334 0.33101851851851855 0.048177083333333336 0.08333333333333333
1 0.3313802083333333 0.32523148148148145 0.040364583333333336 0.07175925925925926
1 0.4544270833333333 0.2673611111111111 0.046875 0.0763888888888889
1 0.58984375 0.30324074074074076 0.0390625 0.06944444444444445
1 0.552734375 0.33449074074074076 0.032552083333333336 0.05787037037037037
1 0.7682291666666666 0.32060185185185186 0.026041666666666668 0.07175925925925926