2 0.10221354166666667 0.6018518518518519 0.15234375 0.7962962962962963
2 0.24739583333333334 0.5902777777777778 0.15364583333333334 0.8194444444444444
2 0.3385416666666667 0.5960648148148148 0.13802083333333334 0.8078703703703703
2 0.4010416666666667 0.5752314814814815 0.07291666666666667 0.6782407407407407
2 0.48046875 0.5625 0.15104166666666666 0.875
2 0.5572916666666666 0.6053240740740741 0.057291666666666664 0.7800925925925926
2 0.6263020833333334 0.5879629629629629 0.1640625 0.8240740740740741
2 0.7805989583333334 0.5613425925925926 0.31640625 0.8773148148148148
0 0.09700520833333333 0.24189814814814814 0.06380208333333333 0.08101851851851852
0 0.23763020833333334 0.24189814814814814 0.11067708333333333 0.13194444444444445
0 0.3307291666666667 0.2326388888888889 0.08072916666666667 0.09027777777777778
0 0.408203125 0.28125 0.061197916666666664 0.09027777777777778
0 0.4733072916666667 0.16666666666666666 0.07421875 0.08333333333333333
0 0.572265625 0.2523148148148148 0.02734375 0.07407407407407407
0 0.609375 0.21180555555555555 0.07291666666666667 0.0763888888888889
0 0.8248697916666666 0.18518518518518517 0.11848958333333333 0.13425925925925927
1 0.10286458333333333 0.3402777777777778 0.046875 0.06018518518518518
1 0.2532552083333333 0.3298611111111111 0.05078125 0.08101851851851852
1 0.3404947916666667 0.33796296296296297 0.048177083333333336 0.06018518518518518
1 0.4095052083333333 0.33217592592592593 0.03515625 0.05324074074074074
1 0.48046875 0.2650462962962963 0.046875 0.0763888888888889
1 0.6184895833333334 0.2974537037037037 0.046875 0.06712962962962964
1 0.7962239583333334 0.3055555555555556 0.032552083333333336 0.0787037037037037