2 0.09309895833333333 0.6134259259259259 0.15494791666666666 0.7731481481481481
2 0.265625 0.6041666666666666 0.20052083333333334 0.7916666666666666
2 0.18033854166666666 0.4652777777777778 0.06380208333333333 0.3472222222222222
2 0.3450520833333333 0.6111111111111112 0.14322916666666666 0.7777777777777778
2 0.4036458333333333 0.37962962962962965 0.0703125 0.2175925925925926
2 0.4674479166666667 0.5798611111111112 0.15625 0.8402777777777778
2 0.6171875 0.6030092592592593 0.16666666666666666 0.7939814814814815
2 0.5579427083333334 0.6030092592592593 0.07942708333333333 0.7245370370370371
2 0.8014322916666666 0.5752314814814815 0.2903645833333333 0.8495370370370371
0 0.076171875 0.2743055555555556 0.06901041666666667 0.09027777777777778
0 0.23697916666666666 0.2743055555555556 0.09114583333333333 0.12268518518518519
0 0.19466145833333334 0.3333333333333333 0.02734375 0.08333333333333333
0 0.3385416666666667 0.26851851851851855 0.08854166666666667 0.09259259259259259
0 0.4095052083333333 0.31712962962962965 0.05859375 0.09259259259259259
0 0.4661458333333333 0.20601851851851852 0.07291666666666667 0.10185185185185185
0 0.5696614583333334 0.2708333333333333 0.040364583333333336 0.05555555555555555
0 0.6158854166666666 0.24074074074074073 0.0703125 0.0787037037037037
0 0.83203125 0.22800925925925927 0.109375 0.1412037037037037
1 0.08723958333333333 0.34837962962962965 0.046875 0.0625
1 0.255859375 0.36574074074074076 0.055989583333333336 0.0787037037037037
1 0.3463541666666667 0.36574074074074076 0.046875 0.06018518518518518
1 0.4713541666666667 0.2962962962962963 0.0546875 0.0787037037037037
1 0.5735677083333334 0.34837962962962965 0.037760416666666664 0.05787037037037037
1 0.619140625 0.3287037037037037 0.045572916666666664 0.06481481481481481
1 0.8033854166666666 0.3402777777777778 0.044270833333333336 0.09722222222222222