2 0.7545572916666666 0.5567129629629629 0.3059895833333333 0.8865740740740741
2 0.06640625 0.5914351851851852 0.1328125 0.8125
2 0.21940104166666666 0.5844907407407407 0.16536458333333334 0.8310185185185185
2 0.322265625 0.5902777777777778 0.16276041666666666 0.8194444444444444
2 0.447265625 0.5590277777777778 0.14713541666666666 0.8819444444444444
2 0.5891927083333334 0.5833333333333334 0.15755208333333334 0.8333333333333334
2 0.376953125 0.35532407407407407 0.06380208333333333 0.24768518518518517
2 0.537109375 0.45023148148148145 0.061197916666666664 0.4791666666666667
0 0.057942708333333336 0.22800925925925927 0.06901041666666667 0.08564814814814815
0 0.20442708333333334 0.2326388888888889 0.09375 0.12731481481481483
0 0.3118489583333333 0.22800925925925927 0.08723958333333333 0.09490740740740741
0 0.3795572916666667 0.2743055555555556 0.05859375 0.08564814814814815
0 0.4459635416666667 0.16666666666666666 0.07682291666666667 0.10185185185185185
0 0.5403645833333334 0.24305555555555555 0.03125 0.06481481481481481
0 0.5852864583333334 0.21064814814814814 0.06640625 0.08796296296296297
0 0.8111979166666666 0.1886574074074074 0.09375 0.1550925925925926
1 0.06575520833333333 0.3101851851851852 0.05078125 0.06481481481481481
1 0.2265625 0.32523148148148145 0.052083333333333336 0.08101851851851852
1 0.322265625 0.3229166666666667 0.04296875 0.07175925925925926
1 0.380859375 0.31828703703703703 0.029947916666666668 0.04398148148148148
1 0.4544270833333333 0.26157407407407407 0.046875 0.07407407407407407
1 0.5514322916666666 0.32175925925925924 0.032552083333333336 0.06481481481481481
1 0.5904947916666666 0.29050925925925924 0.040364583333333336 0.07175925925925926