2 0.10286458333333333 0.5925925925925926 0.14322916666666666 0.8148148148148148
2 0.23828125 0.5821759259259259 0.15104166666666666 0.8356481481481481
2 0.3294270833333333 0.5891203703703703 0.1484375 0.8217592592592593
2 0.3958333333333333 0.49421296296296297 0.07291666666666667 0.5347222222222222
2 0.4772135416666667 0.5567129629629629 0.16276041666666666 0.8865740740740741
2 0.6165364583333334 0.5798611111111112 0.16796875 0.8402777777777778
2 0.78125 0.5543981481481481 0.3177083333333333 0.8912037037037037
2 0.5618489583333334 0.28587962962962965 0.037760416666666664 0.16435185185185186
0 0.10221354166666667 0.23842592592592593 0.06380208333333333 0.10648148148148148
0 0.23307291666666666 0.2152777777777778 0.09895833333333333 0.10185185185185185
0 0.3177083333333333 0.22337962962962962 0.09375 0.09027777777777778
0 0.4029947916666667 0.27199074074074076 0.05859375 0.09490740740740741
0 0.466796875 0.16666666666666666 0.07421875 0.10648148148148148
0 0.6028645833333334 0.2013888888888889 0.0703125 0.0787037037037037
0 0.8079427083333334 0.1736111111111111 0.11848958333333333 0.12962962962962962
0 0.5638020833333334 0.23842592592592593 0.0234375 0.06481481481481481
1 0.10677083333333333 0.30671296296296297 0.052083333333333336 0.05787037037037037
1 0.24869791666666666 0.31828703703703703 0.046875 0.08101851851851852
1 0.3274739583333333 0.31828703703703703 0.045572916666666664 0.06712962962962964
1 0.4016927083333333 0.3159722222222222 0.032552083333333336 0.05324074074074074
1 0.4733072916666667 0.25578703703703703 0.05078125 0.07175925925925926
1 0.6087239583333334 0.2847222222222222 0.045572916666666664 0.06481481481481481
1 0.7838541666666666 0.2916666666666667 0.041666666666666664 0.0787037037037037
1 0.5735677083333334 0.30787037037037035 0.016927083333333332 0.046296296296296294