2 0.1328125 0.6041666666666666 0.1484375 0.7916666666666666
2 0.26953125 0.5914351851851852 0.1640625 0.8171296296296297
2 0.369140625 0.6041666666666666 0.14453125 0.7916666666666666
2 0.427734375 0.33564814814814814 0.055989583333333336 0.1712962962962963
2 0.4928385416666667 0.5613425925925926 0.14713541666666666 0.8773148148148148
2 0.5618489583333334 0.6076388888888888 0.09505208333333333 0.7847222222222222
2 0.6432291666666666 0.5879629629629629 0.16145833333333334 0.8240740740740741
2 0.8365885416666666 0.5590277777777778 0.25390625 0.8819444444444444
0 0.12434895833333333 0.2488425925925926 0.061197916666666664 0.08564814814814815
0 0.2545572916666667 0.2465277777777778 0.10546875 0.12731481481481483
0 0.3665364583333333 0.2569444444444444 0.07421875 0.09722222222222222
0 0.4296875 0.27662037037037035 0.0546875 0.0625
0 0.4856770833333333 0.17939814814814814 0.0703125 0.10416666666666667
0 0.5833333333333334 0.24768518518518517 0.049479166666666664 0.06481481481481481
0 0.634765625 0.22685185185185186 0.07161458333333333 0.09259259259259259
0 0.8567708333333334 0.18981481481481483 0.1015625 0.1388888888888889
1 0.818359375 0.3055555555555556 0.01171875 0.05092592592592592
1 0.6380208333333334 0.3020833333333333 0.044270833333333336 0.0625
1 0.5891927083333334 0.32175925925925924 0.037760416666666664 0.06481481481481481
1 0.4967447916666667 0.26967592592592593 0.045572916666666664 0.06712962962962964
1 0.4296875 0.3402777777777778 0.041666666666666664 0.06018518518518518
1 0.3795572916666667 0.35300925925925924 0.045572916666666664 0.05787037037037037
1 0.2766927083333333 0.33564814814814814 0.053385416666666664 0.08796296296296297
1 0.13216145833333334 0.32523148148148145 0.04296875 0.0625