2 0.06770833333333333 0.6018518518518519 0.13541666666666666 0.7962962962962963
2 0.22200520833333334 0.5925925925925926 0.15234375 0.8148148148148148
2 0.3365885416666667 0.5972222222222222 0.16015625 0.8055555555555556
2 0.4459635416666667 0.5671296296296297 0.15234375 0.8657407407407407
2 0.3782552083333333 0.5150462962962963 0.05859375 0.5208333333333334
2 0.537109375 0.5995370370370371 0.06640625 0.75
2 0.6022135416666666 0.5949074074074074 0.16796875 0.8101851851851852
2 0.7604166666666666 0.5717592592592593 0.3203125 0.8564814814814815
0 0.056640625 0.25578703703703703 0.06901041666666667 0.10416666666666667
0 0.208984375 0.24768518518518517 0.08984375 0.125
0 0.3157552083333333 0.24189814814814814 0.08463541666666667 0.09490740740740741
0 0.3795572916666667 0.28935185185185186 0.055989583333333336 0.0787037037037037
0 0.443359375 0.19444444444444445 0.07682291666666667 0.12037037037037036
0 0.5455729166666666 0.26157407407407407 0.033854166666666664 0.06944444444444445
0 0.5911458333333334 0.22685185185185186 0.06510416666666667 0.0787037037037037
0 0.8131510416666666 0.2037037037037037 0.10546875 0.12037037037037036
1 0.06315104166666667 0.32175925925925924 0.053385416666666664 0.06481481481481481
1 0.232421875 0.33564814814814814 0.053385416666666664 0.08333333333333333
1 0.326171875 0.33912037037037035 0.048177083333333336 0.06712962962962964
1 0.3854166666666667 0.35300925925925924 0.036458333333333336 0.0763888888888889
1 0.455078125 0.27546296296296297 0.040364583333333336 0.07407407407407407
1 0.5520833333333334 0.32407407407407407 0.0390625 0.06944444444444445
1 0.5911458333333334 0.3159722222222222 0.046875 0.06712962962962964
1 0.7819010416666666 0.3194444444444444 0.022135416666666668 0.08796296296296297