2 0.08203125 0.6076388888888888 0.1484375 0.7847222222222222
2 0.24479166666666666 0.5972222222222222 0.17708333333333334 0.8055555555555556
2 0.3430989583333333 0.6053240740740741 0.15494791666666666 0.7893518518518519
2 0.390625 0.3402777777777778 0.0625 0.1527777777777778
2 0.4563802083333333 0.5729166666666666 0.16796875 0.8541666666666666
2 0.54296875 0.6215277777777778 0.078125 0.7569444444444444
2 0.6080729166666666 0.6006944444444444 0.16927083333333334 0.7986111111111112
2 0.8151041666666666 0.5868055555555556 0.24739583333333334 0.8263888888888888
0 0.06770833333333333 0.2673611111111111 0.06770833333333333 0.10416666666666667
0 0.224609375 0.26851851851851855 0.09765625 0.14814814814814814
0 0.3268229166666667 0.2569444444444444 0.08333333333333333 0.09259259259259259
0 0.392578125 0.3159722222222222 0.05859375 0.10416666666666667
0 0.4459635416666667 0.19675925925925927 0.07421875 0.10185185185185185
0 0.5572916666666666 0.2789351851851852 0.036458333333333336 0.0763888888888889
0 0.6041666666666666 0.2337962962962963 0.06510416666666667 0.07407407407407407
0 0.791015625 0.2465277777777778 0.11067708333333333 0.1412037037037037
1 0.07942708333333333 0.33564814814814814 0.044270833333333336 0.06481481481481481
1 0.2545572916666667 0.35300925925925924 0.040364583333333336 0.09027777777777778
1 0.3359375 0.35185185185185186 0.044270833333333336 0.06944444444444445
1 0.3873697916666667 0.3460648148148148 0.01953125 0.03935185185185185
1 0.455078125 0.29282407407407407 0.045572916666666664 0.0763888888888889
1 0.568359375 0.3472222222222222 0.032552083333333336 0.06018518518518518
1 0.6028645833333334 0.32175925925925924 0.046875 0.06944444444444445
1 0.78515625 0.36921296296296297 0.044270833333333336 0.08101851851851852