2 0.8001302083333334 0.5694444444444444 0.25390625 0.8611111111111112
2 0.6048177083333334 0.5949074074074074 0.16276041666666666 0.8101851851851852
2 0.533203125 0.6145833333333334 0.06640625 0.7708333333333334
2 0.470703125 0.5694444444444444 0.21223958333333334 0.8611111111111112
2 0.3359375 0.6006944444444444 0.15104166666666666 0.7986111111111112
2 0.23893229166666666 0.5972222222222222 0.17057291666666666 0.8055555555555556
2 0.080078125 0.6041666666666666 0.15494791666666666 0.7916666666666666
2 0.3854166666666667 0.3287037037037037 0.0625 0.14351851851851852
2 0.953125 0.5393518518518519 0.09375 0.24537037037037038
0 0.8190104166666666 0.21412037037037038 0.10677083333333333 0.15046296296296297
0 0.5904947916666666 0.23958333333333334 0.06640625 0.09027777777777778
0 0.5501302083333334 0.2662037037037037 0.029947916666666668 0.06944444444444445
0 0.44140625 0.19444444444444445 0.07552083333333333 0.1111111111111111
0 0.38671875 0.3055555555555556 0.057291666666666664 0.09259259259259259
0 0.322265625 0.25925925925925924 0.08723958333333333 0.1111111111111111
0 0.22526041666666666 0.26157407407407407 0.10677083333333333 0.13425925925925927
0 0.060546875 0.25925925925925924 0.06901041666666667 0.10185185185185185
1 0.076171875 0.32060185185185186 0.037760416666666664 0.0763888888888889
1 0.24609375 0.3472222222222222 0.044270833333333336 0.08333333333333333
1 0.333984375 0.3425925925925926 0.04296875 0.06481481481481481
1 0.3834635416666667 0.3414351851851852 0.024739583333333332 0.04861111111111111
1 0.4544270833333333 0.2824074074074074 0.044270833333333336 0.0787037037037037
1 0.5559895833333334 0.3275462962962963 0.020833333333333332 0.05787037037037037
1 0.5930989583333334 0.31712962962962965 0.048177083333333336 0.06481481481481481
1 0.78515625 0.3136574074074074 0.033854166666666664 0.09027777777777778