2 0.06901041666666667 0.5844907407407407 0.13802083333333334 0.8078703703703703
2 0.21744791666666666 0.5763888888888888 0.15104166666666666 0.8472222222222222
2 0.3248697916666667 0.5856481481481481 0.14453125 0.8287037037037037
2 0.4498697916666667 0.5567129629629629 0.14453125 0.8865740740740741
2 0.6015625 0.5787037037037037 0.16145833333333334 0.8425925925925926
2 0.7584635416666666 0.5543981481481481 0.34765625 0.8912037037037037
2 0.5358072916666666 0.5844907407407407 0.07942708333333333 0.7708333333333334
2 0.376953125 0.6122685185185185 0.07421875 0.7754629629629629
0 0.056640625 0.2326388888888889 0.06901041666666667 0.1087962962962963
0 0.21223958333333334 0.21412037037037038 0.1015625 0.10416666666666667
0 0.31640625 0.2175925925925926 0.0859375 0.08796296296296297
0 0.3834635416666667 0.26157407407407407 0.05859375 0.06481481481481481
0 0.4505208333333333 0.15856481481481483 0.07552083333333333 0.09490740740740741
0 0.59375 0.20717592592592593 0.08072916666666667 0.08564814814814815
0 0.5436197916666666 0.2361111111111111 0.032552083333333336 0.07407407407407407
0 0.8138020833333334 0.1840277777777778 0.08854166666666667 0.14583333333333334
1 0.06640625 0.2916666666666667 0.0546875 0.06944444444444445
1 0.232421875 0.3159722222222222 0.037760416666666664 0.08564814814814815
1 0.3255208333333333 0.31712962962962965 0.041666666666666664 0.06481481481481481
1 0.384765625 0.3136574074074074 0.03515625 0.04861111111111111
1 0.4596354166666667 0.25462962962962965 0.044270833333333336 0.07407407407407407
1 0.5924479166666666 0.28587962962962965 0.044270833333333336 0.07175925925925926
1 0.5533854166666666 0.3125 0.033854166666666664 0.06481481481481481