2 0.123046875 0.6006944444444444 0.16536458333333334 0.7986111111111112
2 0.2604166666666667 0.5914351851851852 0.15104166666666666 0.8171296296296297
2 0.294921875 0.35300925925925924 0.037760416666666664 0.19675925925925927
2 0.365234375 0.6006944444444444 0.13671875 0.7986111111111112
2 0.4225260416666667 0.32060185185185186 0.05859375 0.15046296296296297
2 0.4934895833333333 0.5648148148148148 0.15885416666666666 0.8703703703703703
2 0.57421875 0.47685185185185186 0.0546875 0.5370370370370371
2 0.640625 0.5879629629629629 0.1640625 0.8240740740740741
2 0.818359375 0.5601851851851852 0.26171875 0.8796296296296297
0 0.11328125 0.25578703703703703 0.06770833333333333 0.09953703703703703
0 0.24544270833333334 0.24768518518518517 0.08723958333333333 0.125
0 0.296875 0.27314814814814814 0.03125 0.032407407407407406
0 0.3619791666666667 0.25462962962962965 0.08333333333333333 0.10185185185185185
0 0.423828125 0.27314814814814814 0.055989583333333336 0.05555555555555555
0 0.4798177083333333 0.18518518518518517 0.07942708333333333 0.1111111111111111
0 0.576171875 0.25 0.045572916666666664 0.0787037037037037
0 0.6276041666666666 0.21643518518518517 0.06770833333333333 0.08101851851851852
0 0.86328125 0.19675925925925927 0.1015625 0.1574074074074074
1 0.8209635416666666 0.2986111111111111 0.022135416666666668 0.09722222222222222
1 0.6321614583333334 0.30092592592592593 0.04296875 0.06944444444444445
1 0.5865885416666666 0.3194444444444444 0.03515625 0.06481481481481481
1 0.4947916666666667 0.26851851851851855 0.041666666666666664 0.0787037037037037
1 0.4173177083333333 0.3449074074074074 0.037760416666666664 0.06944444444444445
1 0.375 0.34953703703703703 0.049479166666666664 0.07407407407407407
1 0.2669270833333333 0.33796296296296297 0.049479166666666664 0.0787037037037037
1 0.2994791666666667 0.3425925925925926 0.020833333333333332 0.06481481481481481
1 0.12044270833333333 0.3298611111111111 0.04296875 0.06712962962962964