2 0.80859375 0.5821759259259259 0.28125 0.8310185185185185
2 0.626953125 0.6064814814814815 0.16796875 0.7870370370370371
2 0.47265625 0.5844907407407407 0.171875 0.8310185185185185
2 0.3359375 0.6168981481481481 0.13802083333333334 0.7662037037037037
2 0.2734375 0.6076388888888888 0.19791666666666666 0.7847222222222222
2 0.10026041666666667 0.6180555555555556 0.16666666666666666 0.7638888888888888
2 0.1875 0.5254629629629629 0.0546875 0.44907407407407407
2 0.3997395833333333 0.40162037037037035 0.0859375 0.23842592592592593
2 0.56640625 0.6226851851851852 0.07552083333333333 0.7314814814814815
0 0.8430989583333334 0.2337962962962963 0.11067708333333333 0.1388888888888889
0 0.619140625 0.2488425925925926 0.06901041666666667 0.07175925925925926
0 0.5729166666666666 0.2962962962962963 0.0390625 0.07407407407407407
0 0.46484375 0.21875 0.078125 0.10416666666666667
0 0.412109375 0.3287037037037037 0.05859375 0.09259259259259259
0 0.3294270833333333 0.2835648148148148 0.0859375 0.10416666666666667
0 0.244140625 0.27662037037037035 0.11067708333333333 0.11805555555555555
0 0.07942708333333333 0.2847222222222222 0.0703125 0.09722222222222222
1 0.08854166666666667 0.3541666666666667 0.044270833333333336 0.05555555555555555
1 0.2623697916666667 0.3773148148148148 0.048177083333333336 0.0787037037037037
1 0.3372395833333333 0.36921296296296297 0.049479166666666664 0.06712962962962964
1 0.4713541666666667 0.3101851851851852 0.052083333333333336 0.0787037037037037
1 0.5826822916666666 0.36342592592592593 0.037760416666666664 0.06944444444444445
1 0.6223958333333334 0.33796296296296297 0.046875 0.06944444444444445
1 0.8125 0.3460648148148148 0.033854166666666664 0.09027777777777778