2 0.09440104166666667 0.6087962962962963 0.13671875 0.7824074074074074
2 0.2630208333333333 0.6006944444444444 0.17447916666666666 0.7986111111111112
2 0.18880208333333334 0.6307870370370371 0.06770833333333333 0.7291666666666666
2 0.3528645833333333 0.6053240740740741 0.140625 0.7893518518518519
2 0.4134114583333333 0.5092592592592593 0.07942708333333333 0.5
2 0.48046875 0.5729166666666666 0.15885416666666666 0.8541666666666666
2 0.6315104166666666 0.5972222222222222 0.16927083333333334 0.8055555555555556
2 0.568359375 0.6145833333333334 0.07421875 0.7708333333333334
2 0.8274739583333334 0.5671296296296297 0.23046875 0.8657407407407407
0 0.08528645833333333 0.27546296296296297 0.06901041666666667 0.11574074074074074
0 0.205078125 0.3113425925925926 0.040364583333333336 0.09027777777777778
0 0.248046875 0.2465277777777778 0.11067708333333333 0.09027777777777778
0 0.3470052083333333 0.2569444444444444 0.08984375 0.09722222222222222
0 0.419921875 0.2974537037037037 0.05859375 0.0763888888888889
0 0.4739583333333333 0.18287037037037038 0.07552083333333333 0.0787037037037037
0 0.5794270833333334 0.2650462962962963 0.046875 0.06712962962962964
0 0.6302083333333334 0.22916666666666666 0.06510416666666667 0.07407407407407407
0 0.8450520833333334 0.21412037037037038 0.09375 0.1550925925925926
1 0.1015625 0.3368055555555556 0.041666666666666664 0.06712962962962964
1 0.2604166666666667 0.35648148148148145 0.0546875 0.08796296296296297
1 0.357421875 0.3460648148148148 0.045572916666666664 0.07175925925925926
1 0.419921875 0.34953703703703703 0.03515625 0.046296296296296294
1 0.482421875 0.2881944444444444 0.05078125 0.07175925925925926
1 0.5872395833333334 0.33912037037037035 0.036458333333333336 0.06712962962962964
1 0.626953125 0.3136574074074074 0.05078125 0.06712962962962964