2 0.08333333333333333 0.5914351851851852 0.14583333333333334 0.8125
2 0.23177083333333334 0.5821759259259259 0.15885416666666666 0.8356481481481481
2 0.33203125 0.5891203703703703 0.1484375 0.8217592592592593
2 0.392578125 0.41898148148148145 0.07161458333333333 0.38425925925925924
2 0.46484375 0.5590277777777778 0.15625 0.8819444444444444
2 0.6061197916666666 0.5821759259259259 0.16536458333333334 0.8356481481481481
2 0.5475260416666666 0.3020833333333333 0.053385416666666664 0.18287037037037038
2 0.7858072916666666 0.5555555555555556 0.27734375 0.8888888888888888
0 0.080078125 0.22685185185185186 0.06901041666666667 0.08796296296296297
0 0.21484375 0.2175925925925926 0.10416666666666667 0.10648148148148148
0 0.3216145833333333 0.22916666666666666 0.08854166666666667 0.10185185185185185
0 0.3971354166666667 0.26273148148148145 0.059895833333333336 0.07175925925925926
0 0.4583333333333333 0.1701388888888889 0.078125 0.11805555555555555
0 0.587890625 0.2025462962962963 0.06380208333333333 0.08101851851851852
0 0.548828125 0.25 0.022135416666666668 0.06481481481481481
0 0.8307291666666666 0.17592592592592593 0.09375 0.125
1 0.08854166666666667 0.30324074074074076 0.049479166666666664 0.06018518518518518
1 0.23307291666666666 0.3148148148148148 0.046875 0.08796296296296297
1 0.3307291666666667 0.32407407407407407 0.044270833333333336 0.06944444444444445
1 0.3880208333333333 0.3298611111111111 0.036458333333333336 0.05324074074074074
1 0.466796875 0.25810185185185186 0.048177083333333336 0.07175925925925926
1 0.5950520833333334 0.28125 0.041666666666666664 0.06712962962962964
1 0.5592447916666666 0.3125 0.016927083333333332 0.06018518518518518