2 0.8333333333333334 0.5578703703703703 0.2526041666666667 0.8842592592592593
2 0.6497395833333334 0.5868055555555556 0.16145833333333334 0.8263888888888888
2 0.4993489583333333 0.5601851851851852 0.14973958333333334 0.8796296296296297
2 0.3704427083333333 0.5995370370370371 0.14713541666666666 0.8009259259259259
2 0.2708333333333333 0.5902777777777778 0.15364583333333334 0.8194444444444444
2 0.142578125 0.6018518518518519 0.14453125 0.7962962962962963
2 0.4303385416666667 0.33217592592592593 0.055989583333333336 0.1736111111111111
2 0.5852864583333334 0.3645833333333333 0.05859375 0.30324074074074076
0 0.857421875 0.1909722222222222 0.09765625 0.1550925925925926
0 0.638671875 0.21296296296296297 0.06640625 0.0787037037037037
0 0.5859375 0.2511574074074074 0.057291666666666664 0.0763888888888889
0 0.4921875 0.1840277777777778 0.07552083333333333 0.12268518518518519
0 0.4309895833333333 0.28935185185185186 0.057291666666666664 0.09259259259259259
0 0.3665364583333333 0.25810185185185186 0.07682291666666667 0.1087962962962963
0 0.2545572916666667 0.25 0.10026041666666667 0.1388888888888889
0 0.13671875 0.26157407407407407 0.06510416666666667 0.11574074074074074
1 0.14583333333333334 0.32175925925925924 0.049479166666666664 0.06481481481481481
1 0.2649739583333333 0.33564814814814814 0.06640625 0.09259259259259259
1 0.373046875 0.34953703703703703 0.05078125 0.06481481481481481
1 0.4322916666666667 0.3287037037037037 0.036458333333333336 0.05555555555555555
1 0.4967447916666667 0.25925925925925924 0.055989583333333336 0.08796296296296297
1 0.5924479166666666 0.32407407407407407 0.036458333333333336 0.06481481481481481
1 0.642578125 0.2916666666666667 0.045572916666666664 0.06944444444444445
1 0.80859375 0.33796296296296297 0.049479166666666664 0.12037037037037036