2 0.103515625 0.6006944444444444 0.14973958333333334 0.7986111111111112
2 0.25390625 0.5925925925925926 0.15364583333333334 0.8148148148148148
2 0.3522135416666667 0.5995370370370371 0.13151041666666666 0.8009259259259259
2 0.48046875 0.5648148148148148 0.15364583333333334 0.8703703703703703
2 0.6282552083333334 0.5868055555555556 0.15755208333333334 0.8263888888888888
2 0.7845052083333334 0.5590277777777778 0.3294270833333333 0.8819444444444444
2 0.4173177083333333 0.3275462962962963 0.05859375 0.16435185185185186
2 0.283203125 0.3449074074074074 0.04296875 0.16203703703703703
2 0.5696614583333334 0.3113425925925926 0.06640625 0.19212962962962962
0 0.10091145833333333 0.2511574074074074 0.06640625 0.09953703703703703
0 0.2421875 0.2465277777777778 0.10416666666666667 0.12731481481481483
0 0.3567708333333333 0.24537037037037038 0.0859375 0.09259259259259259
0 0.4153645833333333 0.27314814814814814 0.059895833333333336 0.05555555555555555
0 0.4778645833333333 0.18055555555555555 0.07291666666666667 0.10185185185185185
0 0.5709635416666666 0.25462962962962965 0.040364583333333336 0.08333333333333333
0 0.6217447916666666 0.2152777777777778 0.06380208333333333 0.0787037037037037
0 0.8489583333333334 0.18981481481481483 0.11458333333333333 0.13425925925925927
1 0.8203125 0.3020833333333333 0.041666666666666664 0.09027777777777778
1 0.6243489583333334 0.2986111111111111 0.045572916666666664 0.06944444444444445
1 0.5846354166666666 0.3229166666666667 0.036458333333333336 0.0625
1 0.4856770833333333 0.27199074074074076 0.049479166666666664 0.0763888888888889
1 0.3658854166666667 0.33912037037037035 0.049479166666666664 0.06712962962962964
1 0.2682291666666667 0.33796296296296297 0.0546875 0.0787037037037037
1 0.10546875 0.33101851851851855 0.052083333333333336 0.06944444444444445
1 0.416015625 0.33101851851851855 0.032552083333333336 0.037037037037037035