2 0.09700520833333333 0.6122685185185185 0.15234375 0.7754629629629629
2 0.26171875 0.6030092592592593 0.17447916666666666 0.7939814814814815
2 0.3515625 0.6076388888888888 0.13802083333333334 0.7847222222222222
2 0.484375 0.5763888888888888 0.1640625 0.8472222222222222
2 0.6282552083333334 0.5972222222222222 0.16536458333333334 0.8055555555555556
2 0.8352864583333334 0.5717592592592593 0.2565104166666667 0.8564814814814815
2 0.580078125 0.31712962962962965 0.048177083333333336 0.1574074074074074
2 0.400390625 0.6319444444444444 0.08463541666666667 0.7361111111111112
2 0.1796875 0.42939814814814814 0.059895833333333336 0.27546296296296297
0 0.08138020833333333 0.27314814814814814 0.061197916666666664 0.09259259259259259
0 0.18815104166666666 0.33449074074074076 0.016927083333333332 0.08564814814814815
0 0.23893229166666666 0.25462962962962965 0.10546875 0.10185185185185185
0 0.3444010416666667 0.2638888888888889 0.08723958333333333 0.09722222222222222
0 0.4140625 0.30787037037037035 0.057291666666666664 0.08333333333333333
0 0.4772135416666667 0.19675925925925927 0.07421875 0.09259259259259259
0 0.576171875 0.2708333333333333 0.037760416666666664 0.06018518518518518
0 0.6223958333333334 0.23032407407407407 0.06510416666666667 0.07175925925925926
0 0.8248697916666666 0.2152777777777778 0.11067708333333333 0.14351851851851852
1 0.09049479166666667 0.3425925925925926 0.053385416666666664 0.06481481481481481
1 0.2571614583333333 0.3587962962962963 0.053385416666666664 0.08333333333333333
1 0.3522135416666667 0.35185185185185186 0.048177083333333336 0.06944444444444445
1 0.4134114583333333 0.35532407407407407 0.032552083333333336 0.05324074074074074
1 0.4889322916666667 0.28935185185185186 0.048177083333333336 0.0787037037037037
1 0.58203125 0.3506944444444444 0.036458333333333336 0.0625
1 0.623046875 0.31712962962962965 0.045572916666666664 0.06944444444444445
1 0.7942708333333334 0.3136574074074074 0.0390625 0.1087962962962963