2 0.08658854166666667 0.6087962962962963 0.15234375 0.7777777777777778
2 0.2630208333333333 0.6006944444444444 0.19791666666666666 0.7939814814814815
2 0.345703125 0.6087962962962963 0.15755208333333334 0.7824074074074074
2 0.4557291666666667 0.5775462962962963 0.1640625 0.8449074074074074
2 0.3977864583333333 0.3402777777777778 0.061197916666666664 0.14814814814814814
2 0.5481770833333334 0.6157407407407407 0.07291666666666667 0.7407407407407407
2 0.6119791666666666 0.6030092592592593 0.17708333333333334 0.7939814814814815
2 0.8033854166666666 0.5891203703703703 0.2942708333333333 0.8217592592592593
0 0.068359375 0.2800925925925926 0.07421875 0.12037037037037036
0 0.23828125 0.2881944444444444 0.11197916666666667 0.16898148148148148
0 0.3372395833333333 0.26157407407407407 0.09114583333333333 0.09259259259259259
0 0.40234375 0.30092592592592593 0.052083333333333336 0.06481481481481481
0 0.4505208333333333 0.20023148148148148 0.07552083333333333 0.09027777777777778
0 0.5638020833333334 0.2962962962962963 0.041666666666666664 0.10185185185185185
0 0.611328125 0.24537037037037038 0.06380208333333333 0.07407407407407407
0 0.7955729166666666 0.24768518518518517 0.109375 0.1388888888888889
1 0.07942708333333333 0.33796296296296297 0.049479166666666664 0.06481481481481481
1 0.24869791666666666 0.3587962962962963 0.057291666666666664 0.0787037037037037
1 0.3444010416666667 0.3611111111111111 0.045572916666666664 0.06481481481481481
1 0.45703125 0.2974537037037037 0.052083333333333336 0.07175925925925926
1 0.5748697916666666 0.34837962962962965 0.032552083333333336 0.0625
1 0.61328125 0.3263888888888889 0.044270833333333336 0.06944444444444445
1 0.7877604166666666 0.3715277777777778 0.046875 0.09027777777777778