2 0.822265625 0.5532407407407407 0.2669270833333333 0.8935185185185185
2 0.6393229166666666 0.5821759259259259 0.15885416666666666 0.8356481481481481
2 0.5690104166666666 0.5995370370370371 0.07291666666666667 0.8009259259259259
2 0.4856770833333333 0.5578703703703703 0.1640625 0.8842592592592593
2 0.408203125 0.3298611111111111 0.06640625 0.2013888888888889
2 0.34375 0.5902777777777778 0.140625 0.8194444444444444
2 0.255859375 0.5844907407407407 0.15494791666666666 0.8310185185185185
2 0.13606770833333334 0.5949074074074074 0.15234375 0.8101851851851852
0 0.13216145833333334 0.24305555555555555 0.06380208333333333 0.1111111111111111
0 0.23567708333333334 0.23032407407407407 0.09114583333333333 0.12268518518518519
0 0.3346354166666667 0.2361111111111111 0.078125 0.1111111111111111
0 0.41015625 0.2777777777777778 0.059895833333333336 0.09722222222222222
0 0.47265625 0.16550925925925927 0.07291666666666667 0.10416666666666667
0 0.572265625 0.23726851851851852 0.05859375 0.08101851851851852
0 0.640625 0.20949074074074073 0.06770833333333333 0.09490740740740741
0 0.841796875 0.17939814814814814 0.09244791666666667 0.14583333333333334
1 0.13932291666666666 0.3125 0.049479166666666664 0.06481481481481481
1 0.259765625 0.32060185185185186 0.048177083333333336 0.08564814814814815
1 0.3470052083333333 0.3229166666666667 0.048177083333333336 0.06712962962962964
1 0.4127604166666667 0.3194444444444444 0.036458333333333336 0.05555555555555555
1 0.48046875 0.2604166666666667 0.049479166666666664 0.0763888888888889
1 0.5768229166666666 0.3148148148148148 0.0390625 0.05092592592592592
1 0.6399739583333334 0.29976851851851855 0.045572916666666664 0.0625