2 0.8294270833333334 0.5763888888888888 0.23177083333333334 0.8240740740740741
2 0.62109375 0.6111111111111112 0.1640625 0.7777777777777778
2 0.5553385416666666 0.6307870370370371 0.07421875 0.7291666666666666
2 0.4752604166666667 0.5821759259259259 0.16145833333333334 0.8217592592592593
2 0.34375 0.6157407407407407 0.13020833333333334 0.7685185185185185
2 0.2643229166666667 0.6134259259259259 0.19270833333333334 0.7731481481481481
2 0.4088541666666667 0.38310185185185186 0.0625 0.19212962962962962
2 0.09309895833333333 0.6180555555555556 0.14973958333333334 0.7638888888888888
0 0.07552083333333333 0.2800925925925926 0.0625 0.0787037037037037
0 0.24283854166666666 0.2708333333333333 0.10286458333333333 0.08333333333333333
0 0.3424479166666667 0.2800925925925926 0.08333333333333333 0.09722222222222222
0 0.4114583333333333 0.3229166666666667 0.057291666666666664 0.07175925925925926
0 0.4752604166666667 0.21064814814814814 0.078125 0.06944444444444445
0 0.5716145833333334 0.29050925925925924 0.041666666666666664 0.05324074074074074
0 0.6184895833333334 0.26273148148148145 0.059895833333333336 0.07175925925925926
0 0.859375 0.24074074074074073 0.09375 0.14814814814814814
1 0.822265625 0.33217592592592593 0.024739583333333332 0.11342592592592593
1 0.6178385416666666 0.35300925925925924 0.048177083333333336 0.0625
1 0.5787760416666666 0.3715277777777778 0.024739583333333332 0.06712962962962964
1 0.4837239583333333 0.32060185185185186 0.045572916666666664 0.0763888888888889
1 0.4134114583333333 0.3761574074074074 0.032552083333333336 0.05787037037037037
1 0.345703125 0.3715277777777778 0.055989583333333336 0.06712962962962964
1 0.2578125 0.37962962962962965 0.052083333333333336 0.08333333333333333
1 0.0859375 0.35532407407407407 0.049479166666666664 0.0625