2 0.8111979166666666 0.5821759259259259 0.265625 0.8356481481481481
2 0.6087239583333334 0.6111111111111112 0.17838541666666666 0.7777777777777778
2 0.4661458333333333 0.5787037037037037 0.18489583333333334 0.8425925925925926
2 0.345703125 0.6145833333333334 0.16015625 0.7708333333333334
2 0.2513020833333333 0.6064814814814815 0.19010416666666666 0.7870370370370371
2 0.08463541666666667 0.6134259259259259 0.15625 0.7731481481481481
2 0.5520833333333334 0.6238425925925926 0.08072916666666667 0.7430555555555556
0 0.8404947916666666 0.2349537037037037 0.09765625 0.1412037037037037
0 0.6126302083333334 0.25925925925925924 0.06380208333333333 0.07407407407407407
0 0.5651041666666666 0.28935185185185186 0.041666666666666664 0.07407407407407407
0 0.4453125 0.21064814814814814 0.07552083333333333 0.10185185185185185
0 0.4029947916666667 0.32060185185185186 0.053385416666666664 0.08564814814814815
0 0.337890625 0.2743055555555556 0.08984375 0.09953703703703703
0 0.228515625 0.27314814814814814 0.10026041666666667 0.12037037037037036
0 0.07161458333333333 0.27546296296296297 0.0703125 0.09722222222222222
1 0.083984375 0.35185185185185186 0.04296875 0.06018518518518518
1 0.24934895833333334 0.3680555555555556 0.048177083333333336 0.08333333333333333
1 0.3411458333333333 0.36574074074074076 0.052083333333333336 0.06481481481481481
1 0.455078125 0.2974537037037037 0.053385416666666664 0.08101851851851852
1 0.6119791666666666 0.3472222222222222 0.049479166666666664 0.06481481481481481
1 0.57421875 0.3599537037037037 0.033854166666666664 0.07175925925925926
1 0.8092447916666666 0.3368055555555556 0.03515625 0.11805555555555555