2 0.068359375 0.5891203703703703 0.13671875 0.8217592592592593
2 0.21484375 0.5763888888888888 0.15625 0.8472222222222222
2 0.3391927083333333 0.5868055555555556 0.16536458333333334 0.8263888888888888
2 0.3854166666666667 0.4988425925925926 0.06770833333333333 0.5532407407407407
2 0.4505208333333333 0.5509259259259259 0.1484375 0.8981481481481481
2 0.5384114583333334 0.6018518518518519 0.08723958333333333 0.7962962962962963
2 0.6022135416666666 0.5775462962962963 0.16536458333333334 0.8449074074074074
2 0.7708333333333334 0.5543981481481481 0.4088541666666667 0.8912037037037037
0 0.8157552083333334 0.1724537037037037 0.08984375 0.12268518518518519
0 0.583984375 0.19791666666666666 0.06380208333333333 0.08101851851851852
0 0.54296875 0.2349537037037037 0.026041666666666668 0.06712962962962964
0 0.4505208333333333 0.16203703703703703 0.078125 0.1111111111111111
0 0.388671875 0.2569444444444444 0.053385416666666664 0.06481481481481481
0 0.31640625 0.2222222222222222 0.0859375 0.10185185185185185
0 0.20572916666666666 0.21412037037037038 0.09114583333333333 0.1087962962962963
0 0.059895833333333336 0.2326388888888889 0.06770833333333333 0.09490740740740741
1 0.07096354166666667 0.2962962962962963 0.04296875 0.06018518518518518
1 0.22526041666666666 0.31828703703703703 0.0546875 0.08101851851851852
1 0.3313802083333333 0.3113425925925926 0.037760416666666664 0.0625
1 0.390625 0.30787037037037035 0.033854166666666664 0.032407407407407406
1 0.4622395833333333 0.2511574074074074 0.044270833333333336 0.0763888888888889
1 0.58984375 0.2800925925925926 0.046875 0.06944444444444445
1 0.55078125 0.3090277777777778 0.0234375 0.05324074074074074