2 0.6393229166666666 0.5833333333333334 0.3020833333333333 0.8333333333333334
2 0.34375 0.5995370370370371 0.23697916666666666 0.8009259259259259
2 0.21158854166666666 0.5821759259259259 0.08723958333333333 0.5208333333333334
2 0.18359375 0.5729166666666666 0.08333333333333333 0.5069444444444444
2 0.4830729166666667 0.4525462962962963 0.0546875 0.2337962962962963
2 0.5416666666666666 0.38657407407407407 0.041666666666666664 0.08333333333333333
0 0.6412760416666666 0.23148148148148148 0.12890625 0.1388888888888889
0 0.3229166666666667 0.2465277777777778 0.08333333333333333 0.09490740740740741
0 0.20963541666666666 0.3506944444444444 0.046875 0.0625
0 0.17578125 0.3611111111111111 0.036458333333333336 0.07407407407407407
0 0.484375 0.34953703703703703 0.018229166666666668 0.027777777777777776
0 0.5494791666666666 0.3599537037037037 0.020833333333333332 0.03009259259259259