2 0.6197916666666666 0.5763888888888888 0.2994791666666667 0.8472222222222222
2 0.3704427083333333 0.6134259259259259 0.19921875 0.7731481481481481
2 0.17317708333333334 0.5775462962962963 0.10416666666666667 0.4976851851851852
2 0.23307291666666666 0.5752314814814815 0.1015625 0.5347222222222222
2 0.4713541666666667 0.4398148148148148 0.0625 0.2222222222222222
2 0.5325520833333334 0.38773148148148145 0.044270833333333336 0.09490740740740741
0 0.623046875 0.22800925925925927 0.13151041666666666 0.13194444444444445
0 0.37109375 0.27546296296296297 0.08072916666666667 0.09259259259259259
0 0.20442708333333334 0.34375 0.049479166666666664 0.0625
0 0.15625 0.3680555555555556 0.041666666666666664 0.0787037037037037
0 0.4720052083333333 0.34375 0.022135416666666668 0.03009259259259259
0 0.5358072916666666 0.3587962962962963 0.02734375 0.037037037037037035