2 0.3873697916666667 0.6400462962962963 0.23307291666666666 0.7199074074074074
2 0.2265625 0.5543981481481481 0.07552083333333333 0.41898148148148145
2 0.3046875 0.4363425925925926 0.046875 0.1736111111111111
2 0.4270833333333333 0.4444444444444444 0.046875 0.16666666666666666
2 0.474609375 0.4699074074074074 0.037760416666666664 0.2175925925925926
2 0.53125 0.4201388888888889 0.020833333333333332 0.1087962962962963
0 0.3600260416666667 0.3402777777777778 0.08984375 0.12037037037037036
0 0.240234375 0.36689814814814814 0.032552083333333336 0.04398148148148148
0 0.3059895833333333 0.37037037037037035 0.028645833333333332 0.041666666666666664
0 0.4296875 0.375 0.018229166666666668 0.023148148148148147
0 0.4772135416666667 0.3784722222222222 0.01953125 0.03009259259259259