2 0.6236979166666666 0.5763888888888888 0.2838541666666667 0.8472222222222222
2 0.3756510416666667 0.6145833333333334 0.18619791666666666 0.7708333333333334
2 0.23567708333333334 0.5752314814814815 0.1015625 0.5393518518518519
2 0.1640625 0.5949074074074074 0.10416666666666667 0.4675925925925926
2 0.4733072916666667 0.39351851851851855 0.053385416666666664 0.12962962962962962
2 0.5260416666666666 0.3784722222222222 0.036458333333333336 0.08101851851851852
0 0.5735677083333334 0.2349537037037037 0.10807291666666667 0.16898148148148148
0 0.37890625 0.27314814814814814 0.07552083333333333 0.09259259259259259
0 0.236328125 0.3298611111111111 0.04296875 0.04861111111111111
0 0.134765625 0.3993055555555556 0.037760416666666664 0.08101851851851852
0 0.4759114583333333 0.34375 0.022135416666666668 0.034722222222222224
0 0.5325520833333334 0.3576388888888889 0.020833333333333332 0.03935185185185185