2 0.19010416666666666 0.5 0.3802083333333333 1
2 0.7864583333333334 0.5694444444444444 0.2916666666666667 0.8611111111111112
2 0.2604166666666667 0.4965277777777778 0.08072916666666667 0.4050925925925926
2 0.3138020833333333 0.5069444444444444 0.0625 0.41203703703703703
2 0.5052083333333334 0.4618055555555556 0.059895833333333336 0.2662037037037037
2 0.564453125 0.46875 0.053385416666666664 0.2662037037037037
0 0.08268229166666667 0.07523148148148148 0.16536458333333334 0.15046296296296297
0 0.7044270833333334 0.23958333333333334 0.10416666666666667 0.1597222222222222
0 0.3092447916666667 0.3298611111111111 0.045572916666666664 0.05324074074074074
0 0.2604166666666667 0.32523148148148145 0.041666666666666664 0.0625
0 0.5078125 0.3449074074074074 0.020833333333333332 0.032407407407407406
0 0.5638020833333334 0.3541666666666667 0.020833333333333332 0.032407407407407406