2 0.4153645833333333 0.6388888888888888 0.2265625 0.7222222222222222
2 0.3274739583333333 0.4525462962962963 0.045572916666666664 0.1875
2 0.2610677083333333 0.5590277777777778 0.06380208333333333 0.4236111111111111
2 0.4674479166666667 0.42939814814814814 0.033854166666666664 0.1412037037037037
2 0.513671875 0.4363425925925926 0.022135416666666668 0.13194444444444445
2 0.5358072916666666 0.4212962962962963 0.016927083333333332 0.08796296296296297
2 0.5690104166666666 0.4409722222222222 0.020833333333333332 0.1087962962962963
0 0.38671875 0.33796296296296297 0.1171875 0.12037037037037036
0 0.328125 0.3784722222222222 0.0234375 0.034722222222222224
0 0.2630208333333333 0.375 0.041666666666666664 0.05092592592592592
0 0.4674479166666667 0.3726851851851852 0.018229166666666668 0.023148148148148147
0 0.5143229166666666 0.38310185185185186 0.020833333333333332 0.02546296296296296