2 0.404296875 0.6354166666666666 0.22265625 0.7060185185185185
2 0.251953125 0.5578703703703703 0.07161458333333333 0.4212962962962963
2 0.318359375 0.5567129629629629 0.048177083333333336 0.4097222222222222
2 0.4440104166666667 0.45601851851851855 0.049479166666666664 0.19907407407407407
2 0.494140625 0.4675925925925926 0.053385416666666664 0.2037037037037037
2 0.548828125 0.43171296296296297 0.022135416666666668 0.09953703703703703
0 0.2552083333333333 0.3680555555555556 0.041666666666666664 0.041666666666666664
0 0.3235677083333333 0.3715277777777778 0.02734375 0.034722222222222224
0 0.3912760416666667 0.3402777777777778 0.11328125 0.11574074074074074
0 0.4479166666666667 0.3680555555555556 0.0234375 0.023148148148148147
0 0.4928385416666667 0.3761574074074074 0.022135416666666668 0.02546296296296296